44.411013
41.375118
42.296024
34.8042
37.495628
40.7939
36.11837
40.8089533
39.742117
38.9169984
38.9559783
40.8459583
45.0044
37.5583
39.940943
41.864268
39.490737
29.4848541
47.7502397
39.028184
39.932257
40.404837
41.7782437
40.0040946
39.9373
37.583311
39.762593
41.356383
30.279017
40.267025
39.3272
39.988802
39.825071
39.534773
39.16257
43.1658344
39.991748
40.3954
39.8481
39.965054
40.768159
39.935721
41.7841364
47.255403
33.42442
40.7818
40.773749
31.232252
41.972837
40.780931
40.79356
38.8528359
40.7470177
26.489351
39.313066
30.4624713
34.506706
39.006
34.177429
31.571271
44.945665
44.9556
45.4631
38.9153
36.708934
40.737177
42.119
41.425
30.4793215
35.103988
40.8743
44.5908
30.2147
43.2098
36.991165
26.775639
42.47518
41.720547
34.0657
34.773589
42.9553715
37.1043
34.375727
39.830706
39.794081
42.6244919
38.922637
19.525757
40.6875
41.9321
41.6144
34.5593
41.900169
43.1466026
35.414038
38.3388
35.128866
33.321658
33.331331
33.5568819
28.48114
19.4975
30.7986832
42.8309
44.9739
30.250746
29.710665
36.0943
37.774248
37.33075
32.8994771
32.92649
37.468359
31.57684
44.6349
43.650895
45.5591
32.2319
42.243544
35.085972
35.1506
35.0553
44.6547
37.725954
44.9609
32.696496
35.919748
44.3314
45.89074
42.253557
44.6077
42.165
19.6144
36.673319
25.50788
26.155226
35.090458
33.9847
33.9874
43.276279
42.529649
36.503003
37.922165
42.7302387
33.0044
40.6008
40.6218
42.0971
40.9216
26.59521
42.3629
42.353384
40.1008
43.3802699
42.9216
45.482127
45.061878
44.4251
41.664913
34.2003788
42.7013
37.1185
38.8887926
40.6787
34.6491
37.36777
36.8083
38.3488023
38.3488023
38.3488023
40.5819
37.3426037
30.579786
41.8513
39.0682
30.8469
45.3072
42.025222
42.374858
42.379974
42.384866
38.583305
36.258501
42.939594
46.12798
48.516974
47.880722
42.1083
61.208059
61.2195
40.104518
34.506798
38.074839
39.7668
39.078533
40.4487
41.978
45.2192618
42.653441
35.2027
42.306061
31.321061
38.072158
42.283836
40.708292
37.4604
38.8348371
38.97658
38.9763
17.7099
45.197726
45.13304
45.0489
40.079648
34.940829
34.6470421
33.862997
37.1521
45.14188
35.7320152
35.96175
36.4183
33.57785
33.666336
44.7309
45.203207
44.26201
36.9872756
41.529191
41.4833807
38.953013
42.5337764
37.5945109
38.860661
38.9271809
38.8312359
38.9008251
38.8400841
38.9082997
38.9237975
38.8286428
38.9175043
38.9007582
38.8358959
38.8359393
38.9002248
40.868397
38.850955
27.7763
43.983428
42.2789811
37.0609
34.4851
34.2823
34.7568
34.7955
34.7404
34.743076
39.1313
48.1936753
41.691447
42.427739
38.889602
42.086
38.8562594
40.714274
35.0526489
41.814292
38.45456
38.239
35.1271
35.1221
39.7033
42.830852
39.948293
39.292351
32.2579
39.800138
39.8488
40.2164
40.219339
35.7049
41.8851
39.053581
42.6372
42.6778
33.6747
36.402494
35.593481
35.486275
42.525744
41.8663
46.5882
37.758739
42.260027
42.1945
34.0412
33.1353
46.0344
40.45574722
42.285528
44.0714
41.8995
39.585505
39.1894
40.767672
46.185509
35.840771
31.556011
33.5455
35.4858
35.4882
35.4901
39.560806
42.0885
39.9602
39.3359163
35.441046
33.959569
33.9644564
33.956318
34.8013039
35.20844
42.5892837
33.6168
39.363
41.4043
40.412777
31.0243
33.066107
34.0217639
41.937681
41.937848
34.118435
38.9218
34.0137
42.933812
41.3606
38.909597
42.2047
42.6337033
47.306835
38.9007
38.8961
45.016819
41.7386
28.568415
44.9665
44.321617
33.462514
36.969899
36.9488694
36.970302
41.762039
41.744077
41.764832
44.4427
41.8851
43.66672
41.070511
32.3726313
37.8883
36.951999
25.87024
36.0822
39.7631112
41.509613
42.910709
27.5959
41.3341
32.9901
38.8792834
42.56
30.854
36.827899
36.593521
36.6396152
36.67013
41.3327
47.5218
38.1973
30.9073968
47.626023
44.782836
35.383
36.203
35.3867
36.0159
40.963
38.774763
40.6424
34.2891
34.0856
37.071983
47.667591
38.8826
38.881259
43.002364
45.4511
39.4398
39.2929004
41.2339
29.727714
42.3123539
44.8039587
33.924897
44.383067
29.182618
39.151808
31.8929
40.677963
37.810079
39.325678
43.3301158
46.722392
39.7536
39.9881
33.0515
42.421809
44.211663
36.99604
42.1524
43.2228
25.8785
41.477836
34.8988
40.6611
36.7465
41.9899
35.197448
30.3222
30.3244
39.3688
44.3799574
45.0658
41.66583252
30.110719
41.849249
38.001164
38.138877
42.816181
42.9467
43.9141
26.0564933
42.319015
34.848803
41.8251
43.5895
30.1748
40.61695
43.1389
37.2256
46.4337
30.1241
45.019
45.867004
37.979131
48.006879
40.9053
35.3282
35.328154
40.5878
26.442506
30.314978
41.504816
39.265474
34.5108
30.067909
42.5139
40.7199
37.400207
40.7596
41.6209851
45.484265
45.484265
41.765307
37.3337321
38.861548
42.9481941
26.4917
36.7588
38.183957
41.442823
42.852734
40.0406
39.535321
42.277868
43.096859
34.66278
47.4515
44.4292136
45.7732
39.0251
31.0559
31.0945
40.6378
36.4714
44.974831
41.8963048
27.9351
39.766661
40.9122
39.823532
42.2083
40.6046
38.513605
42.262
42.44585
47.626
47.615575
41.1396043
33.8847
48.75262
43.135697
40.6198
39.7111007
42.8478
37.518818
42.225794
35.2572
42.396577
34.5268
38.808364
42.272038
40.827259
42.2564991
47.469264
47.469337
44.06
38.046215
40.680498
43.0829
41.95608
41.285288
40.65062
40.615535
46.2634
39.4823
34.5612
32.69486
42.115797
36.3723485
36.330894
37.5682107
33.9851
39.626698
43.210056
42.49
42.2441394
42.7088388
42.448217
39.0641
43.968876
41.643845
44.469527
42.6710011
34.7350179
31.206709
38.357542
37.40204
36.364472
40.305329
43.2668068
41.8433103
33.401168
38.5382249
41.4385519
35.584
40.264977
44.412018
43.8444
41.4149
38.98105
38.987028
38.98877
40.6098058
41.524972
37.8569838
42.54678
34.074257
39.957118
43.428739
32.9446
34.26122
40.6612
44.5242379
44.7542031
35.7599
43.7046
47.653904
45.2598
36.8681813
45.8351
48.0736
48.073931
42.557513
39.869366
40.1067
42.55157
31.407193
34.494815
37.362109
37.3615
46.802512
43.6107
46.631315
38.852215
47.52653
38.9977
44.084724
35.6208614
44.305681
44.294552
41.4688
42.3154222
37.229248
41.941
36.79557
39.8015
34.4178
41.5437
40.982893
35.137967
37.100871
42.795179
40.0968
45.681307
41.176538
41.8299
36.880682
40.459005
43.8717
38.9126037
40.9603
39.1695
44.825926
39.1616604
41.00246
37.256325
33.94431867
36.53404722
36.1322
44.427436
40.3467
39.0183736
42.8332
32.8906
37.251613
38.014459
38.016553
38.178432
38.441814
40.8879
40.742723
35.9273
39.273976
40.780354
34.196
26.345812
45.6752
43.6187102
43.3728
37.3019525
43.5564
40.6979
41.7015
26.349458
26.34110069
48.6961
39.020084
36.2304
38.963622
42.0627184
36.295271
35.1391229
35.1477
40.905624
39.0091
38.9573969
43.481778
39.4754
40.1456881
45.431356
41.8923
40.633137
33.2566
43.135848
31.9228027
42.3352
42.350598
42.348
37.417409
47.782323
48.821074
37.9012
40.1534817
46.238804
40.015245
40.5614
40.8884
36.99598
37.0100867
41.2966
38.1544686
46.6771
48.555683
48.595077
42.305816
44.009997
33.557334
38.9774
38.05177
39.3421
40.704587
36.968788
38.4248
37.6494547
42.3529735
45.21679
45.67778
41.552173
42.362389
27.497223
29.9654
43.268863
43.9984091
36.8337026
35.423328
35.1583
35.018474
42.206476
38.984314
37.325145
38.8388
40.7626
42.6012952
37.423101
43.791861
27.9243
41.273756
29.9646
36.6432316
42.8509348
42.8532666
42.853247
38.6753
30.6744
34.0391
30.2807
37.7683
39.6017
47.574239
47.5635107
37.9326219
28.160309
44.7877
41.3948
31.1499
44.9708
39.16961
41.1582
38.824673
38.84736
40.059165
41.8977
34.7174
39.308999
41.671723
43.17067
39.4289861
43.8574
40.3614678
44.054125
39.0781
39.9879
42.5313
43.122691
44.1794
42.122751
41.1002
35.3696
38.63605
38.63605
41.694
41.835966
42.5576
41.673
44.133497
38.759276
32.741786
43.0963
39.96404
39.924274
39.943649
38.9664
39.867373
38.7946126
38.611393
41.461447
47.2551471
43.2153
42.0725
42.08274
41.402244
42.2849
40.826979
40.9399964
41.8448
40.3379157
40.2510088
43.05782
41.82308
42.211439
39.7844687
31.5772282
33.860129
44.308816
42.0689
38.934431
38.933091
44.2676
42.342195
40.6937227
42.8523
41.7882
30.5929
39.013782
37.978811
44.34283
39.41449
34.1048891
42.128211
39.92843
45.6496
39.9878
38.8653546
38.934226
43.181343
41.826784
39.844393
42.1504155
38.8794
40.6653
39.457104
44.393595
40.02137
25.911617
40.6692495
40.662546
31.7084
28.8441
45.455411
39.661
39.6587
44.0831
42.753063
43.890786
40.2549432
26.241991
40.021098
28.384765
41.8272
38.850198
33.4205344
44.2396
38.992638
37.5436
38.7716
44.5727339
32.2715
37.7373
38.8418
43.3858
37.642482
44.3465
32.1452
29.491841
34.1828004
47.466953
43.181303
35.742685
38.796975
32.5426
38.750494
37.5773
39.9853
36.093215
38.19521
41.7689
44.476556
42.5037262
44.502415
43.2637
30.4258
45.772635
45.774153
45.776365
45.783712
40.8821
40.6783
44.771
42.9085405
41.9647617
41.7817
30.6088
40.68543
40.690002
40.70281
40.702826
40.697454
31.6371
43.104857
29.6223
32.0938
46.01269
35.6264636
35.6884453
41.7462
37.542026
38.420242
42.812545
37.2297034
37.123768
41.7347646
44.250855
36.862713
28.354632
30.8884
29.5943053
34.1587
35.9166
40.839983
43.66542
42.7842298
44.410348
44.417116
44.417186
33.096
32.67585
40.0553
33.8546
33.6647
42.3947
33.666702
38.698875
37.4141716
38.294332
38.578829
30.144992
32.847217
41.765515
41.76402
43.1819
38.522728
38.558772
38.324634
41.7939
48.241385
34.216498
45.587164
43.5432324
35.5644
37.261812
42.3628
42.365228
43.027938
44.572846
45.586
38.574894
43.004004
42.3623
42.3552
39.942729
38.340529
45.035867
32.0051
33.5848
30.28138
43.809636
38.657728
34.5928144
38.977291
39.0282
39.090155
37.2871
43.850926
44.7617
43.646615
42.90701397
42.256235
40.8822
40.056583
39.842
42.8854
42.90080465
45.2624984
48.4848
31.760976
47.978245
45.8898257
37.7616326
34.203746
38.436917
43.338273
42.784475
42.1766
34.236863
32.613767
42.3088
40.5583
44.5955
35.531962
40.8012557
40.79609
33.6733
42.939199
42.612646
42.60567
26.564741
37.29629
37.302699
44.1289
44.256913
44.2605026
44.260075
44.365983
40.218627
39.1576541
43.617126
42.694982
42.685543
46.7949
38.894918
38.563511
33.545383
46.835
41.5958
47.6156044
38.3525
39.0463132
38.8765
43.085699
41.8329
39.9319
37.727425
39.400039
41.572266
37.7302319
33.8246683
30.317346
46.870637
36.869
41.494981
40.1944
42.52476
32.420235
46.6222
38.61065
39.96943
36.9872756
47.648556
43.490938
34.029778
33.7601724
42.380903
38.5467
39.734265
34.3976
35.910879
40.3918
39.555942
42.0722
40.680703
39.358097
39.2994549
40.572
39.1625789
33.8316
38.332
43.977
40.41271
37.167703
42.0382
41.888852
35.7869682
42.2087629
43.0505711
42.1376
45.6698
39.031465
44.003917
41.504893
35.1106
38.6591
47.382
41.9115
42.7262
44.3903
29.534131
39.3722755
43.6116
37.764428
37.6925557
36.4993399
32.499
35.712066
45.5389
35.637794
37.383009
43.1931226
39.280704
39.272265
42.2204
48.7749
37.141409
35.4454
42.929771
42.1987
38.842674
38.437478
38.532657
39.978617
39.596636
37.679456
41.7647
37.860929
42.5359498
45.5263877
40.7088
35.085835
42.076
43.2955
33.1382484
28.2478
40.5495
33.324455
44.8669
35.2263

61.1881
33.6425
33.63
42.9154
35.7906
39.8195
39.61535
39.821415
45.972912
45.581787
34.0058
42.201356
38.4111
41.886107
60.4928
39.9635144
43.0727
35.3761
27.286805
30.1364
37.2906169
37.35376
38.5264
39.044786
18.32878
37.1381
34.0587
37.5913
33.869285
34.759053
35.2464
33.9043794
33.523148
38.5729
42.8278
44.24111
43.803428
33.8932
37.248522
40.1068632
41.7784
44.661861
44.719155
44.661874
33.3034134
38.6341275
41.43868
37.658606
32.0014926
38.9454
39.727376
39.726474
40.9957
41.0205771
42.6273
40.1504
43.068922
30.39759
42.3723
39.3088
39.28904
39.288865
39.4947
32.786652
36.910365
30.22645
30.172242
42.3752
41.384884
45.316373
42.565077
26.956452

38.029581
44.775583
41.7358
40.73968
41.6785086
42.3568
35.726962
34.2572
35.0370066
42.096295
44.8803997
45.5931
36.104717
47.8597
42.57131667
42.598007
42.3898
42.316315
43.98878
40.746293
42.53154
40.749338
47.48903
37.62912
34.697158
37.1719
34.156258
35.4926
38.5938028
42.8667549
39.717708
33.710775
36.138109
43.185151
36.7204815
43.3568
43.1976
37.358857
40.78402
41.4028
37.376728
37.507573
41.6108
43.648651
39.2095
40.06756
38.92414
40.057
48.28238
41.1305
41.132217
41.161612
41.131978
39.916
28.1619
41.520174
30.407081
41.941208
35.0488
39.7704
39.7606
42.19358063
44.9568
38.5889377
36.80295
43.1061
39.793838
39.3349929
42.5766
44.021144
48.0133
37.223
35.57101
37.9328247
34.0126
34.740766
30.7791
44.9373812
40.7704
45.372951
33.3206934
37.1201
17.7449
37.0223056
37.12877
42.9202
32.6403
32.6231
37.353163
41.6528
37.077446
29.564816
40.1303
43.1906107
42.5379
47.4154
29.1056
39.8443
40.4382
41.3093
37.9517
29.7602
42.7257
40.713858
21.305408
42.7582
32.747831
44.7592
39.108668
39.1086815
34.267096
44.05
33.243691
42.5993
40.4926
40.3763701
42.412739
36.6604
36.663427
42.9273395
44.665784
44.66235
30.3656
42.20662
39.0899882
42.252341
40.387536
38.74949
38.7505391
36.0982
41.162026
42.700473
42.4606
41.154774
45.023297
43.072252
38.444743
38.444664
43.0963
42.53957
38.81113529
42.282659
40.8253
45.085218
38.533748
30.6507
42.449962
39.74087
42.110615
41.32615
41.3093186
41.303232
38.4736
33.7922
45.426497
32.829628
43.818907
34.095636
43.3715631
35.715641
35.584
42.98032
38.887065
40.7406
41.2146
42.73207
34.1189
46.8787176
33.408768
39.949309
40.3994
40.5455
41.0341
39.1006
34.61752
39.2763762
39.242225
34.2027
42.7615
33.805672
35.4703
42.54195
39.7033
33.2472
38.4601
40.0943
35.651006
42.9064
44.2424
47.98998
38.6522804
37.9410341
36.4492
43.1373
39.2112
41.0221
38.9261
38.948893
27.9657
33.502928
35.4779
37.783062
34.6861
34.679241
34.6844
39.816827
46.8917
33.7441357
33.74268
39.5684
42.866877
42.9629
36.909823
35.761
35.259
40.152703
39.445642
36.6909
41.2777023
43.048975
38.3657
40.638373
32.3404
40.0342974
37.1505
43.1779
31.7078144
40.0075074
32.957356
34.7511
36.9385754
43.3872218
38.805805
34.430477
36.8239
42.9352
39.5912
39.316055
39.684694
37.261926
41.5121102
41.572964
37.46438
37.609122
42.9674
36.0865443
42.245054
32.3928
28.3177
25.728
26.404817
42.290184
36.9432199
35.5027
37.036
25.44985
25.4635
42.2326
42.77162
34.7597
41.568
44.995
41.4195
42.6453
38.581887
44.8919
42.4826
39.0884
39.19568
42.517617
37.533092
36.6546965
38.98095
38.97583
32.903596
26.126959
35.0461
39.9153
41.9028
25.7975
41.810819
36.3608
42.02277
38.2508327
42.2526
38.937716
38.830543
45.2017
38.962326
47.5586613
33.2598
48.371012
38.908956
38.967386
38.957276
35.619907
38.9302453
38.862393
40.807345
46.350134
33.1795
39.223468
34.354903
43.3389
39.203327
40.0554
41.42964
35.251205
45.636735
41.277185
39.9596
32.4703
40.052463
39.187
48.5564
33.5491175
29.96761
33.964608
39.964153
26.309917
46.8716
34.629989
33.997394
36.9657743
26.528433
26.1458909
26.228856
37.7283203
37.547128
32.188882
40.4998
37.215805
47.6938
33.8979171
34.4751
31.4555
43.206451
37.9777842
42.2485
39.5665
39.8236
45.232559
31.433057
40.581106
40.6355
40.6139
39.5445624
41.9455
40.017394
39.6439
38.701724
35.7063942
40.0741
43.222595
43.191131
41.903
35.1588
35.078644
35.0786441
33.8342831
42.5091
35.091704
47.8516
47.8992
36.1628
39.749416
41.8658
40.8726
40.716065
35.1188424
18.416678
42.514498
41.4246
47.4444
42.700118
43.0599
43.3679748
42.170062
31.861084
41.1044
41.103803
42.349966
32.952867
39.3782
62.0879
31.0708
43.1755
25.749
25.7504534
41.678666
40.5163
31.8985
27.741575
27.742378
34.9478
40.110513
41.0378
42.1429
39.604
43.5074
46.8578
34.718187
41.43972
41.8734
33.6004
40.7499046
33.886153
32.697827
27.79667
27.791933
27.702789
35.2200064
42.475
33.683068
33.685606
38.0703
40.6408302
37.348444
40.5016
41.325344
44.5648128
44.567022
40.26373
33.665563
38.326348
46.3014
33.4179
38.3728
43.796944
31.64705
36.2712
38.95063
33.5825
40.384
34.7456
41.5572
40.1148
35.6258
35.6447
35.6958
44.379205
37.47559
45.443768
48.3725
41.097002
41.1893076
41.186898
48.21936
30.4813117
42.3161
41.7641
41.5081
40.5442
34.0893
37.79351
30.4793
35.259528
35.9499
46.1501
46.1406
46.8462
32.716447
42.352405
38.7736219
40.8595
40.8606228
44.8288392
40.5152
41.3498
36.899749
40.040589
36.1278
40.0113
35.891603
42.4067
31.7433
34.010835
30.015729
29.93214
29.976711
29.946624
29.429825
41.8548
29.960535
42.117516
43.371
43.371656
38.869755
41.0524
30.7734
43.918649
41.4456
40.5716
38.6728389
41.895206
41.8951778
39.118058
35.8149
39.004666
41.5849274
47.7746
47.7893
48.9088
33.363886
35.22325
41.3826254
43.113876
33.2235
33.123917
43.875639
39.6435
47.61974
40.679365
42.933364
40.679753
38.990479
34.178923
37.950864
41.192703
44.1135
41.4155
37.778019
38.068
38.2187228
38.85672
42.9957
43.2581
42.243752
31.987521
43.20661001
36.02222
43.0376
28.9695
37.794714
38.988586
40.819525
40.5947
38.4714
34.0247
35.9677
45.533691
43.721
39.775834
30.661
39.2037
40.6311
35.98
43.765621
25.5812
41.12785
38.394415
33.687152
40.65
30.4341
40.7529921
40.753
34.533726
33.0489
40.007
42.274711
38.6471464
46.9223
31.309112
41.8851
32.777649
45.258833
37.674302
44.03883
45.417043
36.4097
41.396387
43.52674
36.016194
43.071445
43.072775
43.0731321
43.074625
42.061
41.8091
42.566
42.563242
40.4553
39.7606302
44.4108
36.5840182
37.8211141
46.0204
41.0753
41.7594159
42.681899
41.58768
30.2507
40.3128771
41.562896
41.2531
40.751572
38.545451
43.0317
34.420216
44.9259444
38.4258
35.490505
39.238469
29.21078
44.4701
38.9088
44.4496
38.138882
34.8221
38.78112
40.6772544
35.7334
40.83229
42.1119
33.7788269
42.248995
41.3868
46.4023382
40.815
43.13333
42.1676
39.3039
41.302071
41.292254
41.2899
43.245438
40.1964
34.4256
35.9537391
44.511735
41.9313509
32.9548
36.9872756
38.630951
38.826863
43.0632
37.68166
35.761
45.0357
42.633169
40.5767
39.758952
42.270328
40.2939
40.2916
29.94199
42.2792339
42.6198658
26.462504
41.5731
34.2477182
37.5528
32.5148
62.3163
38.74163
42.02
33.213199
38.88654
38.8843
39.719549
40.891009
44.4501
42.06229
39.4197139
36.1639669
30.848
42.882356
47.401657
33.9418
37.816439
32.062598
33.458307
48.1131
41.997874
34.4864
42.352929
42.8422
41.5309
42.339166
45.026147
43.9173
37.927966
36.8199
39.927058
36.062726
41.1665

59.0397
45.218054
38.9973
40.112875
42.64605
40.4157
36.5464
41.9877
38.8875
37.7759351
37.7759726
41.9042
42.312497
35.86713611
36.197487
41.841048
39.1087
38.983991
36.394426
39.2966
37.7581
42.962064
34.757408
38.8946
43.1120037
32.3864
40.6462
36.717612
42.2987
42.290066
42.3042921
42.3091
42.0721862
42.303569
38.225492
33.7434934
43.0224474
45.181431
43.200765
33.9419
40.394485
36.173
43.0013
42.254801
33.987
33.8339308
44.2624663
32.737817
41.8854
42.9948
43.5969764
32.433759
40.018113
42.499658
37.8696915
43.6999
42.0985
40.4800126
40.4780683
41.372751
30.0811
42.88417
42.678463
42.84809
39.728974
36.1012
41.1073
27.9657334
28.554926
41.4991795
43.3396
39.0641
34.771746
40.13039
33.754246
41.795248
32.794701
42.041325
42.050912
37.971315
44.6383
30.4422
44.8018
36.609872
39.9439
46.066187
41.569958
42.7311
32.2235
37.1099041
33.984884
36.2434
32.7332
32.6769
34.7742
32.7235
46.786855
41.5853202
27.448944
28.799726
46.8744
43.775364
43.777853
34.2988379
45.0273917
44.512622
40.1007398
37.0125
38.8718
36.0395247
35.732301
29.6086166
40.6216
42.248764
42.095708
40.325608
44.2771746
34.0505
41.3110764
41.3281
31.6925307
38.91425
40.7418
38.892264
32.4618086
39.1806
39.2015
42.954529
30.4422
46.542915
38.37133
40.237293
28.079208
43.094525
41.448592
35.6062953
38.108033
42.9987
40.7119522
45.3733
35.0857891
40.4406
42.4511915
36.759334
41.825232
41.1575566
43.2989
42.679095
36.33035
43.428552
37.3350887
37.72235
33.747265
41.2324
36.8767
36.697279
43.1624
40.3573
33.9204
31.5252235
43.0509435
39.4675452
31.452692
39.047915
37.738328
40.039448
36.15396
39.901284
30.832295
27.6397
36.2991
42.4956
44.5512
32.3832651
41.7472
43.424885
39.0641
33.913521
42.8699
42.239797
37.95036
38.16422
40.9706
28.459412
47.927228
41.6003891
40.552988
37.0009
36.285611
30.1922992
39.317944
38.0132
34.1397
37.710493
40.099046
41.118587
43.533336
42.504954
42.5039834
42.0441124
34.3355
36.695
36.005437
36.035963
35.9946843
42.331109
46.8022696
40.703012
38.4517
39.2507
44.428731
43.0423
45.2796
41.957342
28.012
42.48373
35.3072
41.2122
33.948
38.91034
44.6296
44.6265
42.9108
37.273057
36.000559
41.47043
43.13661
36.01847
39.459541
40.0509
40.38029
47.7382671
42.48014
42.1718
38.701724
37.342978
44.839864
39.6546
45.924631
34.1391
39.546808
41.4109
40.0326
35.8844
42.7399
42.854
38.1545
34.848
34.8303
35.5899
33.738834
42.765622
35.3659
42.13264
42.368747
38.6162124
42.4908
38.343981
29.757511
43.57426
40.00755

41.9431
41.660858
40.972416
40.8331
40.7902
41.771
41.2777
42.4383679
34.101499
40.5554
31.3188
45.152834
33.750977
33.5615
27.5739
42.737508
34.03349
34.031506
41.2975
41.4798
36.1641924
40.6649239
37.7591
37.7379
37.471116
33.680029
38.576126
35.4932
44.9695
36.1314
32.2981
32.344227
35.947813
43.0418863
44.4521
33.7681
41.8064
43.547619
32.359808
40.0384
42.346768
38.886629
35.4888
38.3051
38.9606
42.265448
37.2085
40.049231
39.0641
40.6909524
39.065864
42.464167
42.387217
41.6248
40.7316
43.0832213
42.0886921
40.7156
39.7452906
42.495807
40.305612
46.8669
44.815339
44.7756
28.1304
34.0112
44.9533
44.957
40.4852
34.076886
40.8509
41.816399
35.5004
42.288
32.7062
36.070023
42.2856
33.7894
41.9898
39.415967
42.6445
39.416114
35.065531
40.153628
41.9668
40.052463
36.6534
40.534
35.6541
47.811372
37.1916
43.4060489
39.644032
38.3785
36.0812
42.314332
39.106241
27.505348
37.8997
33.222386
37.8319
38.683538
17.96862
43.038611
17.979207
17.978217
18.006914
17.972338
18.115296
18.232383
18.177505
18.252607
18.187082
18.286112
18.184534
18.046359
18.11569
18.20732
18.438445
18.501749
18.23855
18.32878
18.139723
18.203088
18.058704
18.127892
18.008872
18.166604
18.184765
18.22345
18.258154
17.98542
18.143559
18.086717
18.082122
18.380342
18.33636
18.397162
31.756817
31.7885
31.753
31.881
31.7608
31.8198
31.7011
32.2239
32.16326
35.5331
33.9208
35.374127
35.456422
30.41395
44.619209
38.348364
42.3606264
35.53612
37.876787
42.9573
31.659
46.871
41.9590941
35.214409
39.361195
42.317891
44.215607
35.4107
38.42373
42.002905
44.872264
44.896361
41.6901
36.245017
38.925162
38.841115
40.8317
33.380738
43.872885
41.716063
39.231787
42.2756
41.9032806
41.8697886
38.1232
38.5852013
33.5332
45.165787
44.5433
44.542171
44.733559
40.859065
42.3509392
43.2455
40.745901
42.0898
40.7080503
41.0565
42.9237123
36.1029
43.0884
41.87162
41.8733833
47.903045
39.249358
47.6790711
40.5366
43.876265
39.700163
45.9028
33.792144
44.813168
33.68
42.651353
38.406767
36.688794
33.043816
34.1862306
46.6252
43.6445
41.975
41.7761
40.8977
38.3511
40.3126
36.4343
45.3490793
32.327437
36.074025
44.906854
31.3137726
47.3209
43.0325
42.1221
40.0491741
41.8939
35.32399444
36.1465
37.7703235
45.7465
33.1230643
36.006236
41.4733
41.3543
42.631883
45.2879
64.8459
40.3716
41.7641777
43.402007
37.6874
33.352917
41.607434
38.9457966
35.28883
48.8777197
39.51168
36.391562
33.5465178
42.477565
41.2675
41.2675
42.7789873
43.899648
38.2651
39.415
42.410211
48.000172
25.4687
39.6333213
37.313921
41.7316
43.1597
36.3186
36.696
21.314954
44.90111
42.983633
43.45818
41.599928
43.985033
33.8506111
39.9535
37.3837
43.594
64.844414
39.8216
33.566788
40.1371
38.8453332
37.985645
38.2492249
41.010184
44.58344
40.4329
41.643173
41.64212222
30.5244349
38.834958
39.485128
39.431586
39.967378
44.0389
43.099984
39.734147
45.531244
40.8126
32.3465
35.5462
39.5924
41.7948812
41.968131
41.706861
41.883775
41.6895677
41.9665391
42.128913
41.8044225
41.8811965
41.889453
41.883229
41.6907148
42.098657
42.013972
41.740975
41.9461049
43.1415308
44.9609
42.1173149
33.0796
41.6990801
41.699
33.381644
40.877637
39.4701
38.88553
43.560777
43.721639
41.5488456
39.23262

39.0774
40.815
41.7821
43.1484

35.0757814
44.9767

39.894869
43.136634
43.168463
40.5445
38.719322
39.127619
41.9978
29.609803
42.4918779
36.899
42.973475
48.2501658
40.2627427
27.6497
37.728892

44.5196
39.759025
42.3057198
40.013
40.452393
40.4647
35.8466
60.4725706
44.37243
38.027678
44.5179
41.5359
32.3027
46.8644077
32.4067
33.1399
43.3638272
42.1037
38.489309
44.9629
41.7620504
35.65958
37.062506
40.0541
29.619915
41.2352
40.7316
29.7431
40.723952
38.501106
39.214772
36.893894
41.767704
39.8257
42.7192
36.051532
37.6838
39.791424
39.938914
39.9259
33.755
37.052506
42.6964
35.7875
35.6512655
37.2243
32.234811
28.2478
32.9382
20.9038
20.7322
38.2721
30.3085
42.69779965
37.136365
44.9549
41.2206822
29.762524
40.1181
42.049006
43.479633
37.1030469
44.6115
43.682951
39.3517
37.573516
42.7335912
40.201793
40.2412
33.83231
39.1086
32.310492
42.2825
42.1671
40.377414
40.147611
42.363158
41.785784
42.0797
42.3764326
44.321758
34.319014
42.5823
39.370452
35.110209
39.435911
42.9637
37.33813
38.0150709
38.062823
43.4603
37.681434
46.500099
44.518088
40.88081
36.3046
40.7311278
42.46317
37.78189
44.6718
40.6399131
36.008918
43.2989
44.630684
36.745367
41.819918
40.8315681
40.591
41.6881
40.3701972
37.304001
35.597275
41.2127
43.833103
35.0771
39.1601
37.975361
38.0561
39.53522
35.2487
33.7322
36.0616132
35.1398394
43.033413
29.895928
35.7641
35.800131
30.346584
39.2795178
41.879
47.313385
47.317963
46.01197
39.2835
37.064
39.8958656
42.7982
26.549264
38.4604
38.7435
38.746573
18.378202
19.4657
30.671008
48.8446
39.6066251
37.7955805
34.17933
42.6792512
43.8687
44.0294
44.7882
44.2819
43.8701
47.230951
44.5769222
40.9509495
39.522134
39.11533
38.978
38.880639
41.485691
40.1941
36.9020482
38.588485
45.113436
41.47
39.9575
43.0055
42.598
39.947519
31.7136472
43.323548
44.4919602
36.869974
33.509667
33.903579
29.480103
35.1990616
40.909126
42.1056
36.013404
35.2707502
40.5479
38.7232
38.4208
44.4789
43.017436
31.0015
38.669
29.7328
31.0063
38.392481
46.612095
42.3359
43.9747
41.34339
34.8933
28.324
41.3268331
38.496659
41.54375
37.668349
36.91065
37.869263
40.4645
38.9007
38.677
42.9556
42.9545
42.5889
43.0615
34.0993664
34.0407156
42.848264
39.473092

32.240123
32.232565
32.2231181
32.319209
32.260967
31.969911
32.285328
32.0857786
43.153305
35.292285
35.2920003
34.015314
40.8019
37.36437
45.520623
40.72188
36.0424
38.1087
39.0092
39.84
41.1163
35.0204
31.3178
40.8179
33.036661
32.06498
36.684367
42.9263
39.44592
40.522309
42.5058
42.9267
40.6921
41.6164
40.8445
40.63239
37.806214
42.9318
37.842394
35.389901
21.3093
39.064893
39.06411
39.078481
32.5530113
30.4691
40.7988
39.928813
47.571017
41.15641
42.2635783
44.122253
38.6827
39.929903
34.6924
44.577171
38.7817
38.843175
39.769904
32.977879
37.13369
44.282535
43.149451
42.303524
42.2752
43.344313
40.023416
44.632
41.498421
40.280691
42.742273
34.5045
38.200524
36.0990393
41.3974
29.788859
43.448065
35.931977
39.480227
42.08777
42.3391257
36.6762426
39.967195
37.980145
35.1786
36.724212
42.3371786
38.209659
45.661912
39.418699
40.0986653
38.302011
30.27608
37.5638214
42.440634
42.4476107
38.742988
33.76759
37.8388566
37.0526877
43.857519
40.6544713
30.2184
41.520005
37.559
43.468
38.8443
35.5919
29.9601897
30.4477851
40.5265985
39.0641
33.3927
41.1216065
38.0658
38.961446
48.7116722
39.9845692
36.0687779
36.0687779

38.90075
32.6079
36.7339
36.731951
36.822838
36.823095
42.0409
42.3077
47.4876
43.0249
47.91047
43.0428
61.5984
27.641457
37.209299
35.2641
41.1364
42.0637
29.520767
31.435
33.151201
38.918034
40.1851
39.6574721
41.4054884
39.1588696
37.7758714
44.0173
38.9381
40.8421727
41.078561
41.078235
41.074436
41.074368
39.140428
37.34488
33.8724
33.8864
41.0647645
39.931838
44.913604
43.322899
38.832357

42.963913
40.9092
34.0029
35.0763
44.5161
36.662
42.4088
36.805417
42.288858
40.9461
44.0816
36.3856
45.689274
33.9097475
40.350714
38.80736
35.525093
29.2737
29.3039
43.2029
40.1005456
40.7372
37.977
33.774
40.5301
36.67765
38.6950281
39.511259
39.7593
33.931
33.8841
33.647452
48.273
46.8782
26.841862
44.226483
41.679996
42.5874
37.7833397
38.8113
41.8863
43.1023
38.2809
37.6159
47.6467
35.26521
41.8815
33.4308871
41.5181575
35.748075
30.276812
44.5529
43.318839
39.014265
41.5198
41.430986
39.9034
43.0009
42.796196
42.868966
40.525226
41.883766
36.2662
43.3399
33.359961
39.7069
41.2566
30.561622
33.3662089
30.6376
30.6399
38.6788301
42.7248
38.908709
38.297
31.6396
29.953634
29.953633
43.2205
40.040212
40.859639
20.8491
35.675145
39.8312
44.534
40.4656
47.272
47.3406
47.3186
47.3306
47.3028
47.3329
34.1251
33.3545334
35.1992
44.2906409
43.6852
38.941186
34.695193
37.006
44.5579
42.1877
36.790892
39.223177
45.380667
43.980915
37.629239
39.607137
44.897978
37.733595
39.794187
33.957828
44.770003
42.1339522
44.9687
33.5402042
46.9639
47.104485
34.1352
42.6108
39.7451811
39.5206168
38.974993
47.621
43.3422259
43.302712
40.1005692
42.0819
39.538067
42.007952
39.54558
33.396034
39.8955
38.9158
43.052067

39.3469
40.7316
41.66
37.3671
38.8338
39.7554
32.717923
40.7492
35.198927
38.366454
45.824777
40.6662
34.4417
37.698485
40.5596
34.373868
32.829427
32.8661784
37.2287
41.8769872
42.8653
39.345706
36.317119
33.482525
32.978133
33.3185
42.8063
34.510188
41.48421
40.0375133

43.6852
43.6852
41.584636
41.402116
41.801599
35.959007
41.276
40.8938
44.335411
38.728287
39.351747
38.8541263
42.373537
39.42366
39.822159
41.4674
34.0805
42.206229
39.340373
40.70235
35.32249
40.0849
40.672631
30.379153
38.934494
43.067469
40.914789
30.150175
37.8105444
42.7533
39.9301
32.745793
47.236058
42.9721861
37.264859
43.283922
39.980195
38.890375
42.876
39.3762
41.7535321
45.9245613
38.7447
44.8115
40.558515
40.487789
40.474228
34.321
36.8091
38.9926
38.664369
38.774997
38.6515259
33.738812
44.58032
42.440832
42.449293
38.9200139
36.3145
43.1742
40.06852
40.06324
40.823609
36.7416394
36.741412
36.4219834
38.24639
42.3443252
37.4845
33.8931891
42.190138
42.2135
38.364694
38.996177
42.609053
47.505283
39.410493
37.41196
46.8719
44.0856
44.1016
43.15645
43.04478
40.775186
45.795731
43.676958
46.665081
37.60529
37.159872
43.9720957
38.4708803
40.423138
40.422715
34.1444
38.737783
34.0130728
41.9267847
41.915274
39.7894
40.1938
41.0137
41.377677
36.065937
30.285
30.425845
41.6176931
42.9844
40.990542
43.8468784
34.9331
33.784257

42.515999
41.5298
47.100539
39.4208286
39.420282
40.4218
31.869011
39.001117
39.644176
42.941962
39.6961
38.281119
39.6858
42.0157699
41.688079
38.766267
32.8340744
36.181744
39.34727
39.7932
41.9053
41.1617
42.95883
42.5875055
36.3177
40.3474
43.033189
35.6024
40.720494
41.107142
36.078425
39.7911884
44.57907
40.3059
40.2992
39.336924
39.977981

38.7804313
38.7311
41.622
43.177291
42.416416
33.4089
34.893424
33.0815
43.0902
41.0355
43.090059
41.030438
40.216816
37.81825
34.2115
35.2129
39.6219807
44.762635
33.784
48.6178
45.518722
29.9168
44.497
39.3646199
38.0974
35.372517
41.6884
41.7673
41.2348
46.86023
42.626633
41.3488
44.211526
39.8822
31.7098338
42.0921
39.865
44.630837
29.9943711
34.2703
26.2014
35.5846
37.740096
35.258696
42.3651
29.5694
29.5679
38.762
38.4746
40.0248
30.02555
40.0902
36.0907
30.364058
27.7400974
40.5015
38.54562
39.1433
34.3602029
42.371
41.6772
42.7828
38.900327
46.9325
40.85296
39.89774
29.6061
43.52089
28.1082
59.2331
41.7527
21.373292
21.636544
34.231733
34.3156
44.2868
30.6609
39.111242
20.070524
42.716843
41.3818
41.3658
37.98303
34.1554
42.8195
46.2448424
39.7436184
40.7278
39.399525
30.5041981
44.4518429
42.407951
39.635664
32.862841
42.0648118
39.610329
40.858696
43.6852
42.398453
22.2042
21.9101
37.3320449
41.9551
42.570163
42.973035
47.126805
32.7303696
45.705244
39.7083
39.8033
43.7033
42.0653
41.074567
40.376769
45.429507
35.2393
37.6781
34.4166
42.3834
44.50661
31.0809
26.190631
43.5611
37.286706
43.2695
42.678318
38.9236
45.585544
35.563161
38.22237
36.247214
44.11296
44.0349
47.4587
38.446777
44.6560742
37.276249
41.7621
41.7674
41.766
41.7579
41.7662
42.2071
43.3604
43.318122
43.632679
41.7462
41.799049
42.6327
43.539636
39.0425002
41.01088
34.4339
37.250927
40.9696
34.3522048
42.496923
41.703
41.291874
40.7396
40.8768
40.8488
40.8178
40.8392
40.7107
40.7861
40.8501
40.8056
40.6837
40.831
40.7898
40.8219
41.4087
38.0438
46.5269
47.7687
41.6857
40.8643
35.2528
42.6483
40.995749
40.585604
40.178352
40.690239
40.6895
31.324433
32.555569
40.780541
41.3103
42.77591
41.196841
21.3069444
21.283943
21.2826
22.2033
20.0233
43.0008
32.2815
38.66284
42.220312
38.5244
40.9503225
35.045639
43.892442
40.6825
40.94092
41.150732
41.155043
38.82034
38.8093847
38.8783
37.564096
37.671385
46.011107
35.48551
40.1279
42.2546
43.7839
40.7197
39.942022
31.3522
38.61112
38.611981
40.2296
45.779808
33.996827
41.500229
39.6093314
37.779968
41.653195
36.7098028
37.693294
37.916485
40.50427
41.6528
43.201885
32.247152
32.289541
32.247147
32.4053316
46.5923
34.5295
33.2947
33.7493741
29.414412
43.4147
30.3296
40.3019
40.782507
36.0997
43.049491
37.8408
35.3187
35.3142
44.507062
43.1641
39.9705
36.3051
38.43362
35.590458
42.8348
33.39
38.0051985
39.590849
44.981329
40.5721
32.6004
41.90199
45.1093
43.034643
38.70672
45.8376
44.809375
33.8619902
28.4686
34.823026
38.9712122
37.8062082
38.1281
42.0385
39.860629
47.401381
47.478419
37.919316
40.76385
44.0202
41.496846
40.6683
36.2169
34.474651
31.552031
39.5998
40.658821
29.825509
39.75854
38.740102
42.2819058
38.409646
40.481
44.9177
40.498332
41.6277
40.600198
34.135518
41.555176
39.6989
39.547082
39.2869
40.2695
64.0384622
43.9323
29.567
29.6653
29.7857
34.75684
32.7506031
43.071662
40.028014
45.0632
44.4961
38.345796
43.6508701
39.16114
39.202872
39.198369
45.5226779
45.53444
45.519872
45.5226576
36.037787
42.9153
41.9148
45.47778
40.6306
43.587729
42.4384
19.56462
19.723358
41.846149
44.3302
42.247351
37.369965
41.8036543
36.168542
39.882308
39.644619
34.047712
34.504402
39.246072
43.0539654
39.262
40.417715
38.771425
38.7457004
32.4940998
38.7528
35.682465
33.193898
41.5379
37.94398
41.607478
41.5708135
41.0787
33.4983
19.6406
35.0256
42.3669324
41.5369057
40.75286
40.8595
45.6295
44.987717
34.9804
42.1551
42.354679
42.3361
38.7186566
40.4526
36.455238
42.790299
42.6419
40.4273
36.8514605
34.7730529
45.53642
34.09986
25.9926
36.7105
43.969
45.835264
40.5558
42.645141
39.0158
43.2513473
40.732527
42.1781
42.1696
41.8781136
38.2466343
41.4525
33.685606
33.207303
42.635317
42.1465
59.638109
41.247967
41.7613
25.506271
41.18
40.6116
38.810187
39.0978
41.563148

19.7263
21.2992
44.665207
45.710094
43.6852
41.0492
42.899451
48.2417
30.2619291
33.667057
41.854673
40.3136
40.3918
44.92377
44.925619
36.865923
42.229299
43.442435
42.3268
42.32638
32.715
47.610329
38.7989
46.1256
29.7816
61.6303
37.3274644
38.625592
43.397
33.9426
39.272605
39.2107
39.19042
39.213303
39.299768
39.3305823
41.7227
42.6029
42.6054
41.2383
36.0453
39.358126
31.3349
34.956245
34.9543422
34.9485021

44.859919
28.815663
42.248656
41.241401
44.965783
42.867745
34.0041
37.519516
42.2777
47.701
42.721103
34.2503
40.504973
35.41143
40.4926
40.016712
38.29863
40.485653
33.6571811
33.972982
40.8712
40.8955
42.1675279
40.82099
40.8210034
30.723087
39.7415
44.363174
42.638316
43.3006
44.892092
30.543434
41.651431
38.965951
44.514029
41.8006
41.7913
42.255728
39.139535
46.293208
40.0368
39.006149
41.222229
42.345173
33.8942
43.4922
39.7428
41.073612
33.745
43.001179
39.834131
39.1037
41.779261
43.02429
42.0441
32.579555
42.4687237
44.8511
37.2256
36.62217
38.942928
41.95269
39.62
43.7824501
42.1592
45.4121
40.32515
40.6224
41.3593
33.456043
39.781728
33.96121
31.23258
35.0470617
37.763636
44.6570752
32.618882
42.9153
45.5774
44.8322
28.8356
40.868272
42.9814841
41.659824
42.5122
42.521386
42.677911
46.462202
45.8183
36.753732
33.5388
43.2117637
33.227677
33.633188
33.7987107
41.0390494
39.7776
37.6759
45.534667
37.5329426
40.6634995
45.4903
25.1092141
42.3642211
44.3029
40.7303
47.550637
34.274265
43.291365
42.4417988
42.450833
38.577081
34.3066
44.465197
39.0591615
41.348493
42.3143
33.9835
34.760154
42.75888
31.590965
37.39263
37.318
38.820668
30.6404
35.374379
39.4649
35.375518
37.3828
40.753353
43.466381
43.472924
25.7912
46.513579
42.996957
44.9609
31.526751
40.8609
33.813512
30.333982
39.735076
40.8541
42.8139651
40.704156
42.3237
46.9798
42.683703
37.3498
41.7032
32.4818
34.46747
30.911375
39.9869
44.947632
39.879689
43.148777
38.571902
29.8912
33.54057
34.6717
34.117327
43.005011
41.7373
39.95004
40.0438
38.1937378
38.272747
38.3176
44.646841
35.619419
35.771686
40.0953
39.013
44.516805
44.50997
40.839
39.4938
33.8131
39.118583
37.8587
42.6781
40.8784
27.756638
39.9414
47.161029
44.416
33.460301
39.2974
32.723233
42.5318
36.316198
36.475769
37.807953
35.4408
44.6348
35.5023
33.8249
41.67354
43.006593
40.153858
40.3301322
40.3301322
41.5254
41.499835
35.8211
33.522926
36.2940568
44.5315356
37.082804
35.115429
35.591232
34.1349431
44.656932
33.172874
47.704924
37.3449
32.367615
39.0303
39.0282
43.407
58.299893
40.5424
19.0646
38.9704
21.3945423
21.3941
21.3955679
37.9518978
37.5519778
37.6306054
34.220674
34.170913
37.8246226
33.852659
36.843189
38.601219
38.596807
37.240455
37.3363589
37.6056764
37.48899
37.782694
33.790081
37.658875
38.12767
37.8994941
21.294941
21.9251
42.279434
21.344696
48.2
44.730628
40.643
21.334995
41.449328
20.016964
37.04661
42.9377443
21.409885
41.1298
41.118811
41.11913
37.722685
37.722703
37.548377
22.0764
21.333433
61.2181
38.778763
21.967037
21.906667
32.3182
21.327477
38.924954
21.268
39.1216341
39.108138
39.112355
19.6258
40.720936
40.724882
19.570129
35.943622
44.222025
44.50443
21.9704
20.026707
32.9305
38.9971
46.127435
29.54093
41.794574
60.555
41.443153
46.6141
39.410824
42.9633
43.385652
41.695283
40.5894142
34.0234
34.173
36.2368
39.84707
46.2087
61.1308
62.1079
37.7574
42.5752
42.5859
42.5709
42.5952
42.586623
42.585197
39.026769
42.551403
40.65
47.3831
41.6988
38.960001
40.64815
42.8740082
38.412216
40.393557
40.7246
36.118249
38.4876
34.245747
43.6825762
44.576908
25.6944
40.436183
25.4616
39.4967
43.9136
22.2112
30.5371013
42.4694
42.396032
37.725
36.214155
45.6905
36.276453
42.6666
38.2577486
38.805003
39.15
44.924521
45.0462
35.18972
40.884821
42.6628
44.583
36.551
47.7961767
41.932788
36.089032
38.772762
39.472237
19.69045556
39.9026
47.6754967
40.194697
38.5793
28.2955
43.090021
46.9955
36.0718
42.226484
42.2694
39.796
30.7396
39.971
41.2826208
35.947756
35.8930945
35.9221074
41.318334
40.488463
39.351705
21.9081
19.4897
19.65248
42.0609
46.2271
47.7444
47.766
26.433792
41.2322
43.3755
44.853861
33.565282
21.9674
43.490515
47.516
43.2161
46.7504
34.0324
34.0459
38.5706
34.0628
33.989
34.0834
34.0106
34.0841
34.0494
34.0943
36.0678
39.753
34.2035
34.038659
34.044349
43.8271774
40.846393
41.905314
45.329908
41.8141344
38.4076
32.8376
40.7982
40.7983
32.767141
38.530173
37.4835568
31.8565
17.7322
31.9481
45.8623
47.0414
43.52759
43.528653
38.5336
38.9858
39.075013
39.185393
39.000948
30.204901
37.8918
39.987182
30.284513
30.2036
29.706899
41.644
33.544917
33.608951
33.568865
26.112261
46.3547
34.2494
47.7192913
33.870752
28.876216
30.192525
30.4625
47.754018
44.982192
28.756994
41.577281
43.1018
43.074024
41.0929
39.0406051
38.9853
42.78292
45.417959
44.29433
44.29231
38.805214
27.902152
33.316503
26.6147
42.1936
40.0087
28.045897
38.9779
43.4255548
46.807991
26.52479
43.8314
35.710347
37.614945
44.6451
33.852829
41.484539
41.484758
39.711429
42.1018932
27.465
36.3262
33.7568
44.5617
40.6236762
46.354362
38.9251
41.5645616
42.104328
40.0383749
34.7212
40.0453
42.4645
39.7151
44.4913
42.876719
46.1618
42.841176
42.8344887
39.485568
39.617518
44.043914
44.050826
43.718962
48.0401
40.241654
39.9392368
42.7464742
42.7357602
42.5380668
41.6111
41.3041486
34.0748
40.933617
40.58578
39.868
38.0983
26.1196495
36.1317
36.1886104
36.187897
36.319698
36.126792
35.593013
41.3291
40.417787
34.6471516
39.6347
42.4913339
40.3212
42.5348
19.9842
45.671003
39.1041
34.4946
39.6314
34.4314028
41.8774
33.8982
35.2401
38.7257
38.1144
34.504965
42.219398
42.7098045
42.7168489
42.728461
38.96857
38.97035
39.0916
33.9564261
36.752006
40.467448
39.4376
34.598898
39.681448
42.7896
42.7943
42.9775464
39.9612
40.8312056
47.5962
39.316574
44.5384263
41.6357
36.2105
39.4324
40.3396
37.680144
43.6428883
37.56926
42.46738
38.4156
41.598092
41.4397
42.3058
43.1268522
33.54512
39.10795
28.81125
40.454492
42.24583
40.3663
45.024582
33.3984
45.176588
40.810447
36.3016
42.3779037
32.072463
35.260154
35.914578
42.349537
43.074781
40.1064
42.526424
44.4552
39.166203
37.2417
46.7649
46.7193298
38.599243
43.794672
37.800849
40.9597
46.422068
44.0929
44.096
47.071131
37.784937
35.821
40.7788
42.244475
45.142587
42.445895
33.9776
48.3924647
37.0388
39.2431
25.8302179
48.5142
48.5115199
39.0044
47.67104
39.965584
39.243952
28.3736
40.2488972
33.859596
35.4198
42.9048
43.447861
44.964669
44.6382
38.279
37.5251749
35.475362
35.529982
35.4699472
37.932654
37.61666
45.4264
40.814654
34.072899
38.868909
40.817388
41.8971
42.250043
46.7604162
40.8069
25.79059
41.9891
38.55744
40.8688
29.879389
44.2822
32.785138
42.8153
40.3385
45.3605
33.524519
42.0467
39.037665
37.4107
20.7484484
46.4385
44.2141
41.9217
41.799605
45.122313
41.745429
41.739177
40.1573
33.1782705
40.8828
43.0428
45.9793
45.9762
45.7372
42.6694
33.872124
34.7476891
47.1668
44.3056
36.963641
37.6802
37.679541
37.6826009
40.7961
32.5833
30.4842
32.550925
45.654233
30.6733
42.362024
45.52967
34.0522342
32.603725
40.2866
46.9221402
33.9878
42.056558
30.0474
40.872571
40.7974
43.6852
29.9979
29.8835
43.1688
41.5895797
40.882003
40.875
38.1233
38.1279
43.32548
40.359847
36.865
41.928249
40.752621
43.588759
34.6389
39.8868
37.125662
30.30567
39.5547
33.770351
30.349761
33.75553
33.842291
40.7446
38.6296
42.5344
40.7868
28.2038
39.157666
43.177386
34.9778455
35.0380152
38.7152174
35.882896
37.3791761
37.056793
37.0597
37.222242
37.2216
34.8059
35.159135
38.9213581
38.0251
39.441483
38.238483
39.9783836
39.9267
40.0474
28.5553
39.266388
40.4252668
44.1361
44.83721
37.7996
42.936083
41.291407
35.2668
42.64649
42.4935
40.71445
40.7149
40.8749
39.0088
45.570444
46.3238009
39.722
32.1887
39.7190269
43.793185
44.734814
42.0014613
41.599698
21.3069
33.5779
41.8723
43.955784
43.3968
41.4802
42.5948
44.462211
38.6654
42.7619
33.9868
42.9467
43.6542
41.359722
37.411585
40.2855
48.943331
44.536297
38.272937
44.5363
30.244424
42.463643
37.248
38.3467
43.614659
43.6186
41.8529
45.105557
33.8259244
43.066975
41.3107
38.473816
44.2412
40.458906
32.425706
36.5387
32.8175
40.515137
47.6101
43.6852
38.064801
39.188124
39.203094
44.04915
36.960554
34.733955
35.8264
41.335222
34.743321
38.367031
36.0868
37.5638215
45.34925
38.7369
45.0087575
41.3371
39.8177
40.759454
44.6178903
47.612666
45.6609
35.5126
31.1434
47.639549
38.768
21.3431
42.6322
41.5794
45.0569
37.5121
29.42429
40.264693
47.2453755
47.245445
32.3396619
40.3055
41.7309
36.03065
41.3675
42.7635
39.121903
35.0347171
34.7279
41.092872
37.281811
39.121704
40.169
38.72897
30.223516
40.8936
37.6817937
41.200397
38.73116389
40.4849
41.3049
36.3263829
39.955443
42.1769389
41.981323
39.359239
34.0054
44.6612
33.3721
39.6131
38.7341
33.396694
35.8456213
40.745452
44.081249
32.448625
41.0239638
39.8367003
34.1001595
40.7976
42.286858
32.9446
28.6212
40.9549
20.8545
21.328806
21.451627
21.303969
19.536657
40.6428
40.679971
42.427044
34.036
44.847775
42.976901
34.469
40.948086
37.629
37.6483
19.7226
42.1568
37.671905
44.90273
41.7622
42.484
41.7675
42.99272
35.482998
37.3479
46.8836
30.1853
30.3618
42.911655
34.8713
33.8869
45.856793
44.249244
45.960428
38.858322
44.091503
44.169482
43.0038
33.6892
21.313005
42.0264
35.060103
41.80728011
32.565278
47.884784
42.5291439
37.7977403
41.248793
31.5688
45.71896
45.2237
47.3715214
40.7205
42.0690815
34.00386
32.45092
40.85
35.896958
42.49906
39.7119703
25.951948
42.2495
39.3231
39.820815
31.6151821
30.775235
34.7646
40.05722
33.953194
40.581383
37.9454
36.687008
41.4289
42.71615
45.0985
38.033059
36.832647
34.1885
34.1562757
42.033294
37.7308
40.58288
40.546438
37.7297887
37.48441
41.6903
39.9593
40.0006
33.6734
39.7897
41.079982
40.0741932
46.27525
33.6699343
40.9172
42.9753
39.6420483
32.6854
38.6589
44.0053166
43.363
45.621872
42.505204
32.5381
44.522019
35.7965
43.413289
30.689057
43.0877
37.936908
39.398626
30.6494
33.1023
39.0723288
38.9048
34.173642
43.316314
36.358765
33.657897
29.963626
40.1388
44.0470594
29.035
39.978019
40.698986
31.12706
34.61099
41.6328
41.4483
40.7022
41.3312
42.273676
42.270871
35.4632
44.445911
39.120805
39.9156
44.966094
42.098191
37.33542
43.5473
36.3454
38.882129
35.8396
44.670983
38.0173644
34.5005
25.7652
38.904309
39.1459
48.058647
39.8416
35.756987
38.4892
41.648
42.580168
38.6996
38.8346
39.850984
42.358431
44.926938
44.931067
40.7916
37.4335336
42.2676302
35.115766
41.65516
39.482714
20.8918
20.8876
45.175
36.309281
37.350811
25.7283
32.890145
42.430456
41.4436
29.962
43.5289
41.8871
43.175
40.8364
26.2415968
44.9121
47.485154
31.244763
41.1072
40.1986
33.9121
38.7434755
43.0129
40.724406
40.724403
42.3466
40.943593
37.30495
37.492757
38.9287009
35.394518
45.2136
45.2119
38.373708
37.9925042
42.2794247
41.6387
40.1774
41.9061
42.187269
45.138027
45.142173
42.417408
42.3171
39.9175314
41.1376
42.1474
35.5883
35.023
35.022819
36.0595
41.223256
43.5686
42.457203
34.0835
42.459062
42.280673
38.833
26.0197
35.132853
44.200067
40.787011
39.30546
42.990868
41.5489
33.6414
33.6745
37.450822
45.107015
45.106008
43.178897
43.178726
44.875275
34.5791
41.662919
47.700953
41.6605
18.009345
18.46822
18.33636
45.625517
31.771173

33.7255
37.75425
40.3984
37.4111
47.581953
41.2264965
39.9522341
35.6073
41.5382
43.5517
43.6158
42.728954
32.3639
39.6218
39.0244
45.1854
42.8348
42.874747
33.415614
40.7913
32.8554
36.978393
48.3627
39.591409
42.85824
43.30585
40.541014
43.4594
39.1435316
25.741264
40.0559
41.0144
30.026061
34.373647
27.802143
33.7534749
48.434896
41.89242013
41.907445
38.969
40.7863
44.0159551
44.010538
44.0155618
41.5278
41.4792
43.2055
37.6359
40.4389
42.5923
43.7057
43.0902
38.7911
41.5565
39.441694
42.7112
43.611751
33.7963
31.993215
35.5474
35.836777
29.7558
44.947313
38.656378
34.23639
42.05
35.914023
44.5421092
39.8589
46.408215
41.4243
41.2279
41.223372
42.589528
41.325863
42.1324
42.161351
42.8392628
42.8353619
38.913006
21.439344
21.4513314
44.978211
42.6334247
36.186813
37.6002
41.7832
40.7237
33.081869
32.802685
41.5982684
40.5555
39.9959563
41.953307
40.9433
40.8909
35.34198
40.4605
35.377195
38.527805
47.6864373
37.431827
42.269638
44.623093
38.778924
45.9244
43.132573
43.026399
45.4451
32.8021
38.9541
40.4994
39.401158
38.012166
42.863
40.727935
42.5476
44.9808738
44.978263
38.893844
44.941935
40.2275
45.8833293
48.2401
35.185
37.7826
40.237
37.768709
37.7556683
39.022116
42.334362
33.3914
32.302899
32.303101
46.8750586
38.4316445
47.8165684
35.915795
43.0126
38.5774347
39.4183689

31.5269
35.8933132
37.643491
42.954056
21.0919
41.1620701
33.5531
33.1926
39.049968
36.910581
40.914
43.0447
43.0466
40.204792
42.6021262
41.91965
40.9854
41.027
36.724185
38.3233
38.4403
39.4809
35.367116
41.9196913
37.5883119
41.344566
32.509449
40.986307
33.794333
43.1435614
34.1448
42.103532
43.4162
45.518886
34.0751
37.8262314
34.0740428
37.58014
34.4211
40.8943
40.8804
42.132731
36.9872756
33.099545
44.94776
42.949952
35.596972
34.5376
36.5145
38.045455
35.36276
32.3803
40.4033
39.231078
39.1726
30.546388
40.7452318
42.2363
45.30201
40.0261
42.346431
41.2542
38.863671
38.4802387
34.4222
40.534
38.0954214
38.824673
37.5588
40.4916
35.2072
35.8503
35.773554
35.5808
45.860973
35.973922
37.834983
42.7121
41.027
34.721
45.4736782
33.9363
36.552741
39.6479
36.1034
39.4278554
34.600893
37.12978
40.24536389
41.7162
39.4204
35.74306
35.7466269
39.6327039
39.630482
44.503296
33.7922
40.8011266
39.9287
41.962788
45.5876576
40.801309
42.5489
41.6939
40.82964
41.809438
40.796528
36.211696
44.371731
42.8985
35.3665
35.3904
40.609033
42.0409607
38.872423
46.7317092
46.73074
45.6832769
44.5904
39.201794
21.299331
44.5338
38.203765
39.37548
36.497887
42.101295
42.598421
42.598055
40.8538
35.3615
35.294871
41.669478
38.746076
40.1094
41.2077
33.4075
42.0485
42.7242
42.5595
32.790718
38.93161
38.9365
40.788941
41.9216036
33.1885572
48.417071
33.188902
37.103667
40.913253
40.491022
36.4596
39.4082577
37.1473708
43.1316
36.3385
40.2017
34.3464
33.4797307
38.029395
35.0645
37.393579
36.992413
61.22431
32.296873
34.519914
62.32311
42.4888
40.297863
40.8129
40.5487
33.4077
40.3741
40.046219
36.515
40.624
43.008385
36.222692
42.0478
40.805778
40.7926
40.956333
43.604758
43.607275
42.0664167
41.314307
43.637209
37.934822
39.3687
37.2926
37.2028
47.94861
42.873606
32.833797
32.838311
61.20806
40.1928856
42.2709425
46.412328
41.139097
41.536804
37.764207
40.558205
33.566045
41.4358724
41.424473
41.259469
43.238443
35.7489
35.3915
28.016397
33.6966
41.3608
41.363
31.6048456
43.578784
41.2834
38.2992
38.282916
43.9643
18.415176
41.6076
48.1336
38.3374
36.0922
36.0931
36.1141
36.1698
36.1694
42.2829114
42.2829114
32.6761
35.4869106
39.952259
36.696236
39.1902
38.6390819
42.8287
29.7026
40.732
41.4924
32.0944
30.3886
40.74239
40.7408
41.01361
46.5139
40.6775
42.2807725
44.18542
32.791762
44.559826
42.1286
37.89156
39.460973
40.396094
64.5566
36.8698
40.8371738
32.770807
45.103228
40.893
41.81157
39.2042977
39.19807
39.269505
39.26248
39.2529
33.8069
37.8392052
38.28495
40.081412
40.706929
42.6796429
41.675431
41.644314
41.634946
41.644115
41.67533
42.971212
35.104778
42.9761942
42.3535
29.7018
41.6736
40.480173
41.144455
41.146763
39.936605
40.7622244
40.0025
39.9937
43.4367466
39.9775
39.736548
39.809987
43.9916
43.0593
38.6804
41.8793
36.040025
41.2952046
41.3161
41.0691493
38.615501
37.699238
43.9497
45.03428
42.9161
30.4358
44.517696
41.5142
41.4839
45.301166
41.353892
41.3372155
41.368891
41.5772
38.946505
38.88299
38.946848
41.746921
44.5302
40.708361
45.1104
40.929741
44.6533
29.0294987
40.2952
41.1213
40.86686
37.525397
43.04465
42.223179
43.419762
45.3003
29.64631006
46.3464
41.507035
35.2563
35.2786
43.283661
43.6491838
43.078268
44.6344577
43.365959
36.9834
44.9364356
36.008513
36.006042
42.357832
42.3312
43.096277
36.752
42.7978313
41.8302
34.1751
35.030541
40.1011
37.0434
44.482047
35.077529
40.0504
40.5878275
40.3317
37.7514
42.027648
31.335533
39.3025
35.9589905
40.2691
33.941331
33.9617
42.018947
42.02667
41.990739
35.2329
25.85537
47.300824
39.982004
40.1146
42.4115
35.6149
40.813582
37.800527
38.7077
41.4678
47.49016
37.8802352
41.1328
45.5114
42.947332
40.8753
41.8401
40.8804
42.5458
32.7467
32.9382
32.8814378
43.1057
38.651254
43.691282
42.216
42.2873
40.769716
41.563893
42.0494
42.691363
41.3531
44.1279
34.1864
43.149597
39.14228
33.8743
40.999512
39.971889
35.4745
25.8904
33.827655
26.2462
37.8438207
32.747343
45.59787
40.6209
41.1381
27.074732
48.233564
48.0524
48.8219
48.6422
48.3725
41.86999
42.2776
35.906849
41.3096
33.06752
41.833758
33.582474
40.0172
39.938432
38.47832
38.414943
36.4561
48.4421
43.033984
44.9945
43.6627
41.3749
41.43036
41.500524
41.457881
41.500652
41.4839508
41.502183
41.504883
41.484433
38.9530586
42.3204
42.3181
42.318193
42.331782
42.1314024
34.1774
39.105802
34.6164668
34.302206
34.8626154
44.293309
44.404185
44.2605697
44.9956749
48.5432752
39.9641
44.45319
44.148617
42.70338
39.7402
39.889155
40.899796
45.129884
40.89445
34.240149
41.5147
32.4513
39.160511
43.572223
41.112216
42.426989
43.2258
61.1505
42.4068148
44.811538
42.654478
43.4442
39.8249
36.933188
41.0934
41.1123
41.0698
41.4787
41.241406
33.8877
41.1224
44.213957
41.522996
43.69878
43.71389
38.1307641
42.1948182
44.743795
43.116601
35.4072
36.691444
36.6953654
33.212553
48.7635
33.105936
37.4883
42.5795
40.815615
41.091089
41.0894236
32.641778
41.603962
39.132675
41.5073
48.302342
41.720903
38.877054
38.8751363
38.54865
41.888751
36.0248008
42.350508
35.2225724
37.7663
37.7761
44.963
32.8644859
37.328
42.3929684
37.7887
42.6536246
41.022715
37.9367
35.564789
39.987936
38.441
43.7476
39.7084
39.820469
30.620565
41.289327
39.8873
35.98586
29.186635
38.4068168
32.74619
38.4477
39.282143
46.9736986
30.4151
33.1967616
26.6153
33.19621
32.280896
33.8635033
33.862475
43.110205
42.6833
41.1267055
34.27143
44.692187
44.699619
44.698679
33.869022
40.0137473
40.070918
39.173808
39.111468
39.851116
45.499429
34.4489
30.4654
48.3718393
48.410245
38.434503
35.4976
35.6232196
47.43027
38.8538
36.846
33.5005744
39.800659
40.756189
29.8748
38.8463
43.707968
41.0315372
40.8551
34.110554
38.2362
27.3172
41.0333
36.5977
44.487548
37.8008738
28.0772
32.9692891
41.672438
41.2921
43.0227
21.292692
33.4693
38.804839
33.0463
40.804316
34.925519
37.6879569
33.67749
43.120278
34.359773
35.05215
33.491697
33.495965
33.791508
43.6339
33.775
28.3304
34.719665
41.0961
42.025069
44.8301
41.1578
38.5112107
26.0878
39.150297
40.0390656
41.240448
41.280173
41.237897
41.254529
41.2343
44.0127
44.039854
36.246614
46.07143
45.3575
43.1039095
44.503625
43.1152
41.0756524
42.4542556
42.45368
42.454008
36.4247
34.674159
34.781224
34.78226
35.080291
38.8977
42.451051
36.9706027
31.2807
32.6181
43.00741
38.2454
38.5561663
38.5561663
38.5561663
36.6244
41.2723
33.481
33.895
38.678449
42.4694
48.6962347
33.3767242
40.7386
46.866716
42.763025
34.865
42.0036
45.333082
45.358124
42.9384
42.627022
28.6661
35.025147
42.027854
42.99786
39.76882
37.3045488
37.33234
37.8836
42.722766
41.622489
28.542606
43.221089
43.240635
40.129
41.78727
41.78406
29.284852
46.478448
44.9003
39.5041
40.8407
47.098169
38.161445
43.2879
46.9197

45.319565
35.4777
44.019988
44.0329945
41.2946
41.2951
47.1920323
41.160811
43.7558387
41.6247
35.470025
41.684683
43.45457
46.8245
42.173053
42.4608192
42.1265
41.3492
41.0193
38.6156
40.48894
41.016
36.1022
33.395961
38.748198
42.7178586
38.022
42.262272
39.9883
38.7024579
38.9847288
40.7374
35.147085
36.2733
42.102533
38.546503
39.287153
44.9479
37.7455
38.352367
39.4459153
42.9973
42.9984
37.475304
40.037739
34.36505
42.1202
36.3148277
39.511147
42.825081
34.198012
40.8737363
37.0209078
31.4587
35.8295
37.02037
36.694025
32.791938
32.7969521
45.205076
36.62211
34.0533
37.0901565
34.8096
37.269455
46.033
20.9078644
41.7241493
36.120033
42.163762
42.200165
30.414964
42.113015
38.9175
41.0115
26.831775
33.723677
33.820181
27.512113
61.602
39.0993
39.9753
42.135074
43.0616
40.300452
40.314287
37.445255
21.29899
41.6694281
33.779336
43.2704
19.6955
38.572025
41.3614
39.7524
36.056154
33.891775
40.95109
35.2921449
38.210476
44.941
35.7759
39.34907
43.093571
46.9189971
42.0104
40.6442552
40.672236
40.672464
42.793306
38.0571
40.8330521
39.5355
39.5186
39.264507
26.309644
45.534003
45.533755
38.906098
39.187828
36.6121
37.763986
37.339553
34.14766
34.1615278
34.154387
30.3657552
46.2295
35.6256
35.3746
41.7433
31.5383
39.9917
40.892887
36.6555
37.4661216
44.44273
33.934719
33.934596
42.9612
33.452713
39.5646
41.775448
42.3079
40.4628
45.4036
34.230009
38.921233
42.526209
40.6106
44.387613
44.328576
44.3272
36.008732
33.831906
37.326041
29.442404
36.15217
39.963044
31.251987
29.5658
21.381691
38.723296
40.028
34.2417
41.2910604
41.291198
40.5682
41.404495
45.552789
48.9664
43.28308
48.1626
38.511
38.6676824
39.996
34.6409
45.6686
37.044882
38.8952
40.334997
39.2015
40.349372
40.2902
30.4628
43.779433
45.500722
36.9001
32.7066615
40.745055
40.688559
33.5163661
42.666928
46.5782
30.322482
40.374595
31.9954
33.7845
32.638327
34.999824
35.606
37.276857
39.807259
30.114079
42.825143
41.8386
36.2762
42.717515
32.4602501
39.080865
44.9748
41.560355
39.558494
36.4017695
37.2529675
31.3466
38.233351
38.2318
46.602569
42.9153
37.235445
40.010984
41.683
42.488744
38.9411512
38.286558
30.442585
26.2016033
44.146837
40.8964
45.68755
27.270461
44.8228801
42.5728
42.249303
47.677741
38.251544
33.456003
40.134671
39.9686
30.5249
45.7219
39.6026
33.275534
39.885907
46.161138
35.316631
35.445009
35.409635
36.087691
41.489228
36.944596
42.196213
41.041203
32.4439
36.381623
39.2796022
39.047595
38.490033
39.0350046
39.09843
39.068187
39.11329
47.610091
47.609566
47.644322
47.622595
39.3753
37.484163
45.4828
41.858
42.4569
38.0747
41.609526
45.83236
41.2791127
46.719848
31.9312
25.669303
42.3367495
42.866245
37.5832
39.06696
47.1675
38.0052546
31.8091916
47.600048
40.149539
35.6167
35.7539
39.8680142
37.4090664
38.0311974
40.4535609
42.197635
44.784622
43.6852
43.101484
41.3217
44.4424
37.558672
38.729065
40.10798
40.867046
39.7028141
41.6816
44.379872
47.4518
42.009191
42.4443
43.6852
41.8107011
28.048078
28.0165
28.0502
39.3476
43.4732
42.055953
41.6682
42.7395
42.7332
44.6964
44.686762
41.0096244
33.972624
40.1741659
40.5829
32.261
37.9480202
34.22634
41.7504
37.6594913
39.389899
41.134107
41.1333371
35.3375
40.388588
42.3684
43.7526033
41.340521
41.936488
41.9514
41.9577
38.481248
43.75647
38.41755
38.41755
38.4182262
42.737
40.86426
42.6638355
40.092009
38.067805
37.926258
21.442803
44.0706562
41.771136
44.924361
34.582356
34.582939
47.693388
34.0646
40.7352888
26.2324
36.7101
33.772429
40.880293
39.775632
32.130564
39.144806
42.7755
45.651278
35.2840499
31.223592
48.11941
44.044858
30.4061
42.1854
44.0491221
34.3809
40.8786
41.3755313
47.542163
42.7433
32.3779
43.424335
48.241074
38.944653
48.1174
48.0266
37.083812
40.832058
46.78
41.5775797
42.202918
41.953472
43.5394299
34.1853
46.04679
36.0679
41.6146
42.8745
45.583106
45.5573069
45.480443
45.5249448
45.5184017
45.5124099
45.5176149
40.4225
40.4324
45.512988
43.658621
43.669137
43.6573589
42.8647
43.0711929
36.835299
39.026635
44.6660049
35.3043
41.772515
40.2449
40.6867
41.712841
47.740461
43.517755
40.1569811
37.8648
44.7538
48.5624
39.98254
45.694752
37.522266
43.389924
41.5979
43.05166
39.091153
42.5202059
32.4693
39.98365
34.6955
34.546291
34.557867
46.70061
42.0585
41.4881
48.1844
43.0853
37.224441
39.2939
38.0393
45.22101
45.568718
38.3589
40.3514776
41.384158
43.846902
44.3029189
41.8723
47.27195
41.404685
43.174948
46.20446
43.215719
41.825224
41.801848
42.051278
40.2325
41.8006
40.744677
33.400778
43.622299
46.6749
38.2704
35.888389
46.181145
37.832819
42.8216
46.7307
26.9342162
41.6600665
26.925563
40.42583
41.6767599
39.6473
40.4745
41.9277
38.441892
42.991213
42.9677795
47.19058
41.5201638
40.431814
38.520335
29.494037
47.637172
21.268812
40.751784
40.7089
43.342329
36.698
39.9367313
42.24825
42.6964
37.141092
38.2524
45.546734
35.774302
32.7841
41.345408
35.1346095
33.03448
45.234616
41.059136
41.059136
44.9096
33.032751
35.6501
38.5349209
32.98981234
33.6428
39.361677
33.256654
36.261149
43.1142
43.9303
40.310842
33.7479
47.8159
41.0247
42.165
30.3778603
41.787
47.9217
43.020729
38.801981
33.3355
39.010033
39.953605

42.0800011
42.262154
42.2526097
42.3029456
42.263769
42.258897
42.277007
42.272996
42.297673
42.262366
42.270086
42.2719811
42.2312848
42.248111
42.2457
42.2608786
42.260919
42.2889588
42.247532
39.2779
34.43952218
40.1721
40.1764
30.464775
40.672
42.857681
45.190151
36.756654
41.009147
33.8677
48.192535
30.443976
30.452022
30.399743
30.515238
30.461494
36.4386
44.5665247
44.566525
40.5821
42.398251
34.0564007
34.057234
44.3526
33.836486
40.3543
37.486692
38.4338
39.2704
36.5974
43.549612
41.8476
38.7158
39.4603
40.76
38.8099
48.7616
40.5041
40.6449
38.0545
39.5322
42.6719
40.9356403
47.4802495
44.4259
37.0209
38.9586307
42.407274
43.826583
39.9519741
41.096
41.92677
41.92738
38.92131
45.5013
29.714855
35.6309
32.977263
44.8883807
44.88711
42.853408
44.996328
43.33453
43.3329407
33.942
47.7166728
38.6952
41.1782
42.375539
37.0947
37.937305
44.401726
39.826959
41.49949
37.9368235
37.4969
34.268744
41.292
42.028009
41.203322
40.70011
32.8372
32.8208
38.1518
39.5349
33.5306
44.3627
32.127833
42.7658
41.088704
39.407
40.4964
35.2309
36.6929
39.0080523
38.9491
33.959726
39.214246
39.950066
34.163
39.4109
35.2247713
41.2534
41.2416
26.64291
44.856
44.845941
39.3706
36.822853
46.187642
41.008176
30.347313
37.732749
33.357255
40.8883134
41.0008
38.962979
40.9038811
40.8099
34.236409
40.9185
30.316698
33.946591
41.8277856
41.7214
29.9745162
38.6589
40.744351

30.634
44.456122
43.0709
33.597361
36.3788
40.217733
39.118213
40.814936
36.52
36.522861
34.6225934
39.0027161
43.1670113
42.0096
41.929296
43.298869
44.000239
44.019849
44.001971
41.7326
43.1653921
46.8072
42.6776
42.585702
41.7804
41.6252146
43.4319
41.5886
36.7004
37.806665
37.3916
37.3879
40.759513
42.2714
43.118425
45.6689
36.381357
34.939215
44.1011505
38.8018
38.7442
33.997833
44.1706
28.0649
42.452
40.6652431
39.0819115
39.8155
32.9312336
39.773164
35.9551
36.9993
47.8184
40.9492665
40.607196
40.59255
26.33083
45.4229
40.3908
36.3330067
45.186933
36.4659
42.434789
42.1949
42.311383
42.19732
48.660966
42.81454
37.922004
42.0808293
41.492658
43.2111
44.21722
39.329335
42.222588
37.7737
40.681772
40.300647
38.062823
38.799139
40.1184
25.727617
25.7816455
41.788
41.932894
42.4213
44.499952
44.4244
32.2677828
36.048717
48.847646
43.20745
33.011
44.9609
41.8422
39.8121
38.7689
38.7477
38.6978
38.0224
42.286646
47.222756
40.7819
40.533444
38.8976
37.871
34.021933
18.3428
46.905
30.561622
30.0549
38.940342
38.348942
39.702387
40.4845
38.1823
42.713629
40.6837255
30.800758
21.38912
42.489743
42.44794
43.82003
38.015909
38.348942
40.9645
43.1282
48.3548
41.703005
33.331407
34.2078
41.2033216
43.1463
42.7202
40.1213
45.465
38.8858
36.9806
32.4733
35.2748154
38.509256
32.529365
40.4862157
35.332227
35.854215
39.061531
40.82719
35.3668
43.6059
40.308985
40.985239
43.011088
40.984412
31.628
39.6767
39.896
43.502807
38.5783
38.56671
38.5803
38.456
38.6084
38.5815
38.5715
38.574
38.5804
27.9908
32.834595
41.001057
40.4445
42.65
29.414706
31.9561
36.0728
32.860727
47.297859
47.2584
47.3006
42.211214
39.572153
43.1812
39.2818
37.292997
37.6442949
42.520665
41.4807
42.7991512
44.920896
44.943064
44.959011
44.933153
44.942
38.8336
36.660072
42.165686
42.178003
42.165686
38.3656
35.668332
47.809985
45.716862
45.720387
42.3532
43.9746
41.1754
29.8127
40.7615
21.346157
29.8147
33.8451
37.5429
47.601774
34.9969
29.5007767
29.543276
29.4943094
29.4255
34.136
37.6358529
37.5043
41.7556
32.7106
32.9142
33.0358
37.2417
32.7219312
37.2417
32.772
34.107749
35.41646
37.7373447
37.8078
37.789216
37.6555
37.7833115
34.084723
38.0154
33.759

37.3363
37.3153
48.5394
48.533741
37.702082
37.6794
35.247382
33.135686
29.881728
29.882251
37.543848
37.546
35.7477
37.9586052
37.9733
37.7636
43.5349568
36.139906
34.132215
35.194695
35.205461
43.4212
43.80935
41.7535
41.4064404
44.6696
33.9185
43.6796
28.8116
43.438702
43.438742
42.959257
36.706334
26.440936
29.962835
41.8050532
38.4404674
34.4199
34.4177
34.4293
34.4378
37.3479946
37.3128688
34.245836
36.9724758
32.219909
35.6445191
35.6821338
33.9039
34.0162113
34.02075
34.0014563
34.01658
34.3817
38.434472
38.4412146
30.5947763
38.4414
37.2370797
32.852133
42.733001
44.765173
34.231056
44.66166
44.323702
44.32463
27.336511
37.264228
43.085525
43.064686
40.38454
40.3964
30.565
33.4729
35.5435
44.025712
48.55312
46.3167
42.1911
39.8849
40.1828
30.6633
40.5791692
42.9049
42.6548323
42.0789867
42.079151
42.079003
42.0842629
42.451645
43.2738
43.5329
43.285309
37.8573
32.1098
40.935594
35.8244543
46.3329
39.9821
45.252085
45.75723
43.5901
40.9888
42.803462
42.8653
42.8056144
42.814295
42.798898
41.489019
38.6130246
41.159139
40.5949
42.671331
42.1167863
41.725242
38.297467
43.8366949
37.7901
42.3473
40.4858
41.6128
39.94903
42.2188
40.650167
40.4581
41.6985
38.685614
38.2102
36.4061698
40.10148
37.050323
41.8645
34.6932
37.7983
37.7988
43.019298
43.9560271
41.4215
32.935538
40.363071
43.0106647
43.0168516
43.2155618
40.667098
35.2039
41.7366
30.319989
46.0086
30.31994
39.9302
47.603679
38.3961
58.361941
37.785046
38.694953
34.8502
48.50555
29.570966
41.8343
33.9132018
33.8148
36.5687
32.404223
27.9910712
27.9364216
28.18857
42.909889
39.8383
34.6851
42.570179
48.0796314
38.0671
35.1992
44.9497
44.9483
39.058
37.620849
40.9124
44.9675
44.964
33.7215204
38.9578388
41.3918
44.5124
35.8656558
30.230993
30.314108
30.267454
30.2814372
36.1157
39.1024
33.975058
33.9974
37.1506044
40.0050546
42.79518
40.435319
40.881799
40.581776
40.572288
40.591272
44.78119
35.3261
39.023395
37.167
43.75616
42.110643
42.608
44.378312
39.705866
39.5245
38.2125
41.645619
38.222
40.881374
48.5041
42.661812
43.1855
42.0929
40.026
32.1876979
41.3329
47.2143
41.3037
41.798574
40.8232
40.7651
38.4839133
39.430504
39.4294
42.675799
43.212605
45.4554809
44.799485
41.274801
45.483229
45.482524
45.356332
45.8845
40.3082
40.753062
39.819208
36.7749261
39.406373
41.767
38.364878
38.203065
45.0803
43.096929
42.95859
34.253495
32.513164
42.302206
36.3961
43.4
43.186252
40.0713
42.3142
33.129283
34.1609
31.5546505
31.555814
44.9111
35.163464
42.6526
44.72248
36.185765
32.7757505
41.1126
34.090541
39.10548
38.99603
39.3826271
47.643302
39.633002
45.0046
44.9858
34.285295
43.525658
34.8703554
34.7365
41.8616
42.490552
39.5609
57.050853
48.274
42.95094
41.506952
40.2274
44.767204
36.99808
47.4973
40.8551
41.871838
43.993
41.0377656
36.6650922
38.7744892
38.9090074
38.7894498
39.0069507
38.88491
38.9493603
38.7736798
38.925581
39.7851363
36.2233523
36.2372
36.981723
35.510483
35.9822
39.2995415
33.883265
33.8580211
47.9116429
38.17685
34.053298
34.057208
40.7675924
42.6546
43.236237
36.996649
38.727845
32.987194
60.4843
36.4275
43.240603
46.3485
46.3532743
34.595
41.9856
40.0214849
36.9267
38.0033
41.985442
40.5677
42.40096
42.3860302
42.397174
42.4068792
42.3895
42.3958267
31.6844
38.2953
37.983631
38.610777
61.142479
61.119905
30.2334
41.6746
37.8477611
32.397555
42.335985
40.8123
40.809789
44.455359
33.902728
41.7448
35.1939672
42.3605285
35.889293
42.927457
42.9471993
42.9464661
42.1085
37.6734709
33.942098
43.3031
42.259051
41.6850403
38.586
42.4019
36.7244013
41.6008681
40.558205
40.683063
19.4139
38.929445
42.7148921
42.459776
43.0499927
43.03596
40.310193
35.10873
41.5338
42.9107287
44.9322
26.147901
34.1147385
39.688456
47.6466
47.646395
38.181518
38.9558
40.2764181
37.654723
41.7666
42.994023
40.4288
41.0548885
42.475036
39.718654
38.8788412
39.9439
33.9082
47.1985559
29.561429
29.35565
29.4252
29.4965
29.4104
39.9472
39.247804
35.018812
42.5692
43.145982
48.009257
48.009171
41.8409794
34.9918
41.4692
42.7171
42.8648
38.5853
45.5371
42.211214
35.881018
41.5799
39.6185
39.891
39.6653499
41.9507
33.9176
39.66329
39.72005
43.0497
37.4518
25.732763
38.87689
43.0365
38.10686
44.27766
39.610856
37.207987
36.742039
42.3421138
42.357987
43.064635
40.1084
39.5448
43.944671
41.0400852
43.944393
44.4829675
42.968813
43.495958
61.197258
43.99567
38.80333
43.1375126
35.3904
40.7076022
40.7826
47.651458
45.825181
38.1665
38.218511
38.290307
34.15223
42.4814
39.4795
47.4174
38.7461
43.076031
34.7312
36.309009
41.114541
36.184207
42.107564
43.29946
42.32493
40.7068431
39.922976
42.751582
44.5409
42.0846
35.0207
40.5562
42.5106
42.060748
42.334065
41.691859
34.315924
35.172184
38.492987
30.5317
38.22765
30.170729
42.9801511
43.3785
47.809
29.85737
29.951105
41.91451
43.9696745
38.6002
43.298335
38.779358
33.5753209
38.348942
45.5574
45.6229
45.407667
40.2163
38.3218
30.788032
40.6415918
37.983663
42.7339
26.27315
40.933746
45.5898
43.0014
42.1092
45.570734
43.0547
38.602771
43.410695
44.9609
40.614311
47.3152
43.168068
40.7297528
37.96362
39.3909
38.2512
38.784565
44.950616
40.125866
44.949752
40.805074
39.9377
44.3233
27.777957
41.707849
43.14745
40.5595
38.0024
39.7564
41.9575977
41.055
41.1057
41.0566
41.1236
37.4244
47.2719
44.9598
35.35027
38.8507
39.758043
42.9258
40.808886
33.462861
39.302068
42.016469
40.7951
35.7636335
36.5844
39.7686865
40.701952
40.603429
35.9002
35.7725
33.9681
38.147889
44.8
42.108206
37.9853
38.0071
47.1727753
45.4208
42.4362
41.6320966

44.523376
44.9629
45.693968
45.0522
36.1294
36.125587
36.127356
41.3724
37.953072
42.357096
42.348839
37.953
41.10308
30.8494
35.8684075
35.8684075
43.6548
39.054
44.2395
33.807084
38.001426
42.480311
35.846262
37.730057
41.33549
41.337713
41.228506
42.6456
41.80187
41.768149
42.9172
42.124934
41.16869
44.47342
39.9852888
44.796896
41.1767
42.6963
41.121512
40.2522
41.0993
41.3136
40.9521
36.63798
41.496
27.20034
38.0396
34.1434
44.83425
44.4156382
40.731763
41.1148179
41.9858
36.737591
41.7641
40.722264
41.3196
43.5637
42.7453
39.65086184
38.85171509
38.210331
30.230054
37.418506
37.6568
36.6268
38.2862
33.018378
40.71897
42.5795203
41.0590335
33.9207
28.616
30.561622
33.634933
33.655421
43.183119
43.183411
33.21554
37.6372
40.8612
40.861
32.7603
37.66735
37.998052
47.6735
40.8309
41.3773
35.7973
31.791358
40.746899
40.684636
37.3713926
45.189236
38.1566568
38.671941
38.60565
25.7044957
40.6408131
30.3968205
28.229173
46.72023
46.87435
47.708097
33.6069616
26.608161
41.527751
37.1384
41.135179
44.3026751
41.2840228
41.272936
42.58109
41.1563
43.389888
38.562819
40.6055
37.362
44.98013
34.056513
30.0444
26.1420358
35.43021
42.479102
38.5638
41.7321705
41.581089
44.5114
29.9727201
39.901885
43.3841
41.4825
34.072239
44.396092
30.2113
43.1358971
27.998608
38.786625
39.0906
33.734143
42.6436
39.3753414
33.173631
43.196887
41.4248366
43.0365
41.0892
47.198639
47.2061
47.0233
47.2547
35.917547
39.2358
39.1741
38.9742156
42.243928
34.7531205
62.322789
33.3077
30.5047
32.535992
41.101566
32.577
37.8803
43.859796
43.859758
64.86275
39.6579
40.764701
36.0174521
36.407152
36.3975
37.9254135
40.8327
34.1726
35.8975
40.6030221
46.8487
28.1461
41.081505
41.0818768
42.93504
39.1489967
39.096495
34.627107
41.901698
30.5715
39.3407
34.2726
44.3242
39.361254
37.934771
34.919596
38.0307
38.0989
39.548447
37.12467
36.1934
34.8486767
40.8902
30.0066231
42.003872
42.004
35.131
37.9141
37.936843
37.8394875
33.43593
33.4216
34.10769
35.5491
35.5488
46.857786
38.9489
37.8696
41.8037
43.7232239
42.611902
33.421527
30.469332
30.296618
42.201092
35.301063
40.154182
41.032669
44.682817
39.3716
33.44892
34.6977582
43.615995
37.4492
42.8933
42.3165147
34.037248
37.5536661
36.2297936
35.927549
35.5121
45.8475073
36.52806
41.520858
41.545129
40.7435
41.229217
36.068939
35.5589
34.192134
45.599781
35.498386
35.5933777
39.0184
43.247217
40.760992
35.785678
35.785697
39.4748412
39.9403423
40.1601
42.932303
37.5733
37.3513
41.96785
29.9551
29.54096
36.304277
41.4036
37.4124
35.5496
38.98732
29.755817
41.699059
32.1310239
33.665242
34.0515
31.8575948
43.084256
37.753654
38.527207
39.3212
37.5852
34.207401
33.423574
36.4522
31.0651622
43.111
43.690218
40.2854
36.170617
33.082027
42.24996
39.3085
41.1184
28.429752
34.73064
42.5883382
32.699164
33.784793
33.738869
39.438977
40.857017
39.8471
39.180452
34.110872
42.6419
32.80821
33.193898
27.8479082
41.645086
30.325
41.611744
40.119058
38.8123
38.017474
38.047972
38.0460258
43.9717663
41.0012149
33.8343
43.075298
38.268
43.21
32.1861
43.1775
34.6599
30.594183
26.2147
32.5923
39.5999081
40.900555
34.535562
30.347529
34.999224
26.241829
31.344282
39.097
39.7592352
36.3073
38.65621
37.091712
44.52305
35.9646521
37.0453871
37.0458736
38.928445
41.727737
39.8051137
42.9332
20.8887
40.8647
40.965729
39.58839
37.805
41.332389
29.313715
41.6827
33.46779
40.865757
42.810473
40.3257
40.8728
43.193796
42.465857
42.498883
46.274121
30.1942
44.828869
42.4561
42.5086
42.3193
47.050307
37.712092
42.590734
39.9569
38.229066
40.3141
37.8089
40.0906
28.5537904
39.7328
25.6083
30.3169726
26.0521352
38.252286
43.550926
30.3372
32.9647
39.527321
40.005534
40.383
33.548
41.913428
19.489787
37.520776
25.8853
42.40476
40.24289
40.74
41.4044
39.601847
33.73132
44.758
37.8239687
39.514766
33.318615
28.927019
36.776811
36.864529
34.040809
40.2295
33.103356
43.2264643
38.411133
42.576918
41.752
38.6792311
38.663686
42.1162
43.331047
43.0057
43.646039
29.7958386
48.118992
43.23184
31.1395
26.131064
39.400676
32.2666
41.7044
35.885
30.8355
47.593713
35.798165
39.9055
41.7524
44.958998
34.181413
45.896132
41.800475
41.9427664
40.822424
39.622789
42.0455
38.002859
38.000824
45.3124
43.848038
36.6385
45.41488
45.426889
45.4570544
43.457789
43.450027
39.5805
41.575
48.4
29.6487
41.4962
39.9591
40.282
41.7694
39.7443
41.4478
34.805196
41.626744
42.5308

29.43105
36.8093255
41.645297
44.621813
41.8728
34.1726
43.974
45.471147
45.4714
30.0028
40.726056
39.9512
48.7106
34.0906
42.6296
33.8249448
42.06537
41.8147
42.079598
43.048852
36.757911
38.6066
37.6087
30.2971641
38.650811
40.6799
35.2732
38.35216
36.6392
32.443907
36.76317
35.943986
33.9804636
34.9493
37.3451
30.164969
43.107704
36.207772
37.538998
47.9253
34.963227
43.084256
39.401715
37.7553
37.7378
35.232
53.8748
34.9676358
34.9549
44.931633
41.478361
34.874892
43.240638
40.0696
35.334

38.4429
29.4256
36.4678
41.6728
40.7163009
37.533218
33.7440667
41.0613
37.1656945
40.064
34.0005
41.565195
41.720649
42.8056
39.0328
47.832475
45.540557
35.7012
37.41689
46.7357
42.733014
42.735812
39.3533
39.3277
37.4806
42.542072
41.2525
41.99477
33.6297
33.6024
35.209944
38.749866
38.7810247
45.382168
31.6228
33.853283
40.773602
39.6033
35.1718
42.622625
41.3846
39.340417
38.993068
33.07966
35.3634
31.820457
45.2407
43.238036
46.985164
37.9604
34.253706
44.219995
43.348895
37.4933
37.4946
45.395105
33.219446
33.216511
40.51448
33.743241
60.306929
35.2908
41.1944787
38.0384
33.661496
45.54426
44.746141
41.787255
41.7895169
42.5849
46.264669
41.3121
37.6300185
44.149219
39.491108
32.3465
31.114568
42.6514
35.7363
40.6744
33.5057
38.5430292
46.2509
28.6064
32.878533
38.946218
37.535287
39.1479
25.7955
45.9165
46.8184393
43.213697
42.325371
20.2371
37.5964855
34.881671
30.0227391
40.2365
34.9884762
40.426013
36.250391
42.2452
34.7172
44.211543
32.769
42.379482
40.737096
29.651503
40.6600417
32.4235
33.9908
40.05
32.6128
44.611675
42.5053323
42.95274
47.665626
39.28894
44.9756501
44.981399
41.4827
37.7756
39.953275
38.906163
40.0157
25.83618
37.7682478
40.10146
45.6804
41.316
43.0347
42.247401
44.1085
41.729882
41.9654
32.46654
44.9005
35.4932364
33.522619
42.9432192
44.95
34.190297
36.69208
40.5095
35.6111537
34.9661
40.127567
33.9791
39.742037
33.480175
33.450034
30.471328
41.6806376
45.6385
46.8063
29.734576
41.6800659
40.6562338

37.5663
42.223992
39.331557
40.1096
37.638
39.025535
41.4708
39.020676
38.887743
38.906809
35.9449944
32.85889
43.09982
41.61998
33.913762
40.757869
37.404409
37.78176
37.7811798
38.3565773
33.3305
42.0622
39.64195
38.138
30.8138
43.9819
37.3242945
36.2111
38.101119
33.2348
46.9229
35.3885777
35.5005139
31.5049
31.7693
31.6995
31.74
31.8013
41.570412
38.292177
33.383472
34.0068
42.7811
41.4670736
35.43679
41.5333
40.717965
40.8687
36.3332774
45.62608
39.8890201
41.3355
34.6995931
40.6035
42.971745
47.447834
47.447823
43.3726
42.211746
33.485053
44.0529
33.987218
27.100805
39.33677
34.279734
25.5067274
25.5067274
34.564092
42.4067
44.1216
42.779203
42.786295
42.784882
43.607709
43.5800788
42.9412
34.15351
31.135
45.858472
42.9875
33.495874
38.431414
42.0876
43.4048
32.352739
42.126553
42.981335
43.6039
35.5836
21.9728
38.8991973
41.8833347
45.01509
39.293085
19.6373
39.752585
39.7632
41.455556
42.738376
42.1726145
39.4884
41.844242
39.356
44.3492
41.2015
41.532443
42.279325
41.67552
44.0764
43.2138
41.484229
42.0261
45.1587
41.5684981
40.9501
44.90552
41.2606801
30.687975
45.311
35.083718
38.68061
37.810193
36.809342
38.0212
37.6899
37.2803308
42.1649
42.5104
39.3095135
47.468
37.534045
34.0309
43.5659569
43.5548818
39.9296
36.330258
36.298778
36.22923
33.190733
43.0489
39.7226
19.4640866
40.0429
43.3415066
34.2547
37.3814
41.5736
39.850589
42.649656
40.781841
34.0686
34.074
34.0941
40.7954
44.384124
31.559316
42.8284
46.449116
46.441509
38.1048706
40.618587
21.498795
41.208072
21.574
21.435119
21.402183
21.453708
21.2754
19.9304
22.0597
21.331534
20.018308
20.006422
20.022262
21.387619
44.18334
35.9804884
42.507127
43.5741
38.8146476
35.783887
41.5634149
43.675
38.9848916
29.818268
38.619894
34.9004
34.315752
48.9216
34.7613
33.867565
44.9298
43.020671
39.5188
35.4012
41.457
47.663876
42.879424
37.934379
45.353398
45.354478
37.9026163
36.0711
37.2471559
43.079233
43.079327
42.154787
37.6236904
32.9028
42.3784677
30.8618
38.638495
42.1646379
42.3142629
42.6719
40.571217
41.018587
38.842872
42.25655
39.7873
43.280684
38.828623
38.8101828
41.8452
35.6869
36.398125
39.5617
41.237225
48.1951225
42.4959
42.511598
41.2331
38.762855
43.489
38.7112963
38.713223
41.82842
38.05008
38.252294
37.9585
42.7634417
38.603499
41.256581
40.63536
35.5955
44.017704
46.670732
40.758788
35.8476
31.4649
38.605955
39.6246
41.6397
39.8238
44.0833
33.7372
41.2988
40.7035
34.0055
38.8838552
61.582613
36.209499
34.121082
34.168
41.569
41.5544
41.5401
41.5866
44.3393474
44.339485
30.334741
41.34297
42.7875
28.552
47.3306718
43.190401
38.5466389
43.971732
44.967094
44.8901
43.200044
43.193779
42.363341
41.603425
43.9731
43.9613
43.9748
43.9805
43.9748
43.9881
43.974858
42.929456
42.7304
47.798998
42.381
43.984
40.7762868
43.8402
36.9295
33.943452
42.259988
41.6119491
42.3508
43.012555
43.1821
44.3578458
43.64074
44.958044
45.3756
42.7318
42.001217
35.738503
34.926299
31.235752
42.363095
40.8513
38.29903
38.3796
41.566953
31.6100323
38.291284
38.3569
36.7572
35.3837
42.233244
42.284294
44.349346
42.3588968
38.0753
35.4924
43.110712
43.095
43.094461
43.0956986
35.5271
41.818466
40.554
35.69073
37.14005
37.99748993
42.46893
33.5407
38.591238
38.477463
43.212229
39.164
42.1898
27.448039
45.4336
41.4142
43.048553
41.3309
37.416978
40.674617
39.7595
40.4037733
40.4091875
44.244083
41.583671
33.232552
42.29458
41.9385003
37.2673
40.704685
41.1689421
26.6554
34.03979
38.9387742
38.895017
43.3227
45.1523
30.6178
42.120956
30.2388
47.4249633
42.533
35.781
43.2163
38.8122
39.867714
33.9911
31.035239
44.0788
40.761381
43.014454
33.824344
35.5783
42.5572
42.905331
44.276
33.9522
44.999211
42.23586
38.942226
39.677768
39.9609217
37.684771
34.0706
46.747851
40.737
40.4272
37.271991
40.339773
40.281836
37.6241
38.807356
38.440867
42.0479
42.598752
35.98
37.892
39.4101326
41.5507
41.7616
41.757
41.2723
34.0821
40.401493
33.4607
39.9447
40.6063
21.8815
40.461469
45.343988
33.7958
34.0458
43.5149
41.128412
37.6335
32.5104
42.8092
40.062409
47.0458884
40.7784
41.7709
26.7145
42.380937
36.7331796
33.586015
41.7604
41.36957
42.7173
39.9615
36.402882
38.581499
43.8944
47.561366
40.2433
42.333524
41.3801
41.4543
35.6157758
42.9736
37.760474
41.7148156
40.315886
42.2675847
43.6854
33.658197
29.736539
41.0370717
33.9586
33.9802
38.136054
48.1615
44.5536606
39.6481
41.809762
38.6529175
35.82111
38.9898
42.322035
40.044249
40.64934
42.119869
44.6117
41.680346
40.811779
37.0888
42.323637
42.541635
39.91231
41.7976936
44.771326
43.116356
43.8547
41.1913
39.386434
39.041299
42.517562
38.886205
34.770334
43.0371
38.440436
41.53274
41.134
41.1397
38.2873
36.9598
43.074188
42.2808
42.73477
43.13433
40.7628
33.784685

43.2475
29.9101364
42.219928
34.0626
41.71913
32.5367
39.646017
42.223363
29.3111
42.0545521
39.038842
41.864176
40.073187
40.0450779
46.876886
41.604726
35.9519
34.596317
47.3108
30.3704783
36.4679044
31.5208669
41.0319
32.846
45.7271523
36.3367
43.6852
48.4124822
45.869514
43.5584
42.6485
48.254526
41.517891
43.121684
37.116789
39.950105
42.83257
42.834469
42.4231
42.3353
43.0647
33.95316
33.980873
41.7559
41.8366
40.80894
40.4451
38.4525
38.4802674
41.9089
40.1441
42.1515647
34.9187
44.2197
40.8719469
38.5815
28.854269
36.1593523
41.2454
40.4489
45.344391
41.474364
40.877482
33.6667
41.6615
37.270942
40.70867
37.672436
41.2441
41.245
42.6900859
42.709661
41.1415
41.8788
44.4392
39.4129
45.120275
45.1241
44.7659
41.696999
41.6393
40.9393
61.732156
37.3073027
36.9885
36.918993
44.367977
42.0774802
33.7867
42.8894
39.7459
42.55605
32.022129
43.4154
34.0617
34.2504
41.8796
35.698575
35.725588
37.1228
41.1882
30.0452
37.996158
42.449872
42.4519189
39.185227
34.83195
43.00364
43.026816
42.983952
45.4262
28.494836
42.4041
38.548842
36.9821
43.480716
40.479711
41.8513
40.657208
39.462228
41.4165651
41.887614
47.1414
46.492282
31.9266864
40.9655
43.3046
32.9573449
44.0536687
44.490257
44.96522
33.1382239
36.1255
43.0003
42.6849
43.075
43.0199
43.076
43.0769
43.0459
43.0671
42.9841
42.9296
41.838221
41.185853
36.017191
28.564368
28.0289
40.7619339
45.515026
39.9250052
41.756732
41.6907
41.7612
40.5961
37.726329
41.862682
44.8029278
31.194503
31.464378
43.6412622
36.9768742
41.9838
42.0978
42.5246
35.554796
42.491751
42.491732
43.220144
48.0921
30.6302756
37.696839
43.581018
44.393812
41.9639
39.2413
40.5555
45.1374
44.9202
41.5347
38.0529
47.75298
36.4156
34.2086
38.993483
38.994733
45.571898
41.709013
37.2644
42.0405
45.4789791
38.8698461
43.626
42.314782
42.313227
36.4314963
42.0069976
40.7981618
42.318
42.25648333
42.2772
44.017046
40.4863998
40.087885
41.428039
40.2603264
34.215979
34.3613424
40.8441
42.2031602
40.6447
40.122585
39.2272117
41.4412
45.335262
36.951632
39.6643
36.841885
44.3123618
36.1414749
46.602339
40.696568
35.916916
39.7142
40.240698
47.0424
42.661345
32.8504
27.9610894
37.6619
26.02811
39.8062
39.7901
39.806574
45.782952
36.225396
46.932852
32.7639
37.78625
46.0176
41.079151
42.967077

35.6247895
36.8422429
40.276
32.7206
34.9276
40.871229
43.1538
43.154172
37.238105
41.9638
38.4029
30.6391672
25.850246
25.9184231
42.246295
42.240217
41.712825
39.133181
39.138392
34.0339
44.1742
39.9239
42.8123
40.3216
35.3137044
45.4377
37.181501
39.9491
39.2463171